Timestamp,Keypoint_ID,Keypoint_Nombre,X_cm,Y_cm,Z_cm,V_x, V_y, V_z, A_x, A_y,A_z,Probability %
2025-05-21 08:47:44.970,7,Codo_Izq,12.003651737735392,-16.660918354926793,257.1005145230788,0.13868528642744643,0.011919548609278944,-0.18393476368139805,0.024225090913763556,0.002082067652229769,-0.032129121171874025,0
2025-05-21 08:47:44.972,8,Codo_Der,-28.599567673543216,-14.036071590321436,256.10073844117335,0.1765899392376974,0.087987278131732,-0.2652080741745226,0.030846151330748417,0.015369329125702944,-0.04632567645381078,0
2025-05-21 08:47:44.973,13,Rodilla_Izq,4.239807998398746,41.116475397900736,254.12450654363604,0.07530803346807524,0.10258627921980217,0.18821402396886922,0.013154560258670855,0.01791943474771247,0.03287660832193936,0
2025-05-21 08:47:44.975,14,Rodilla_Der,-16.579144234323223,42.120354139327816,255.07434456303469,0.05678380998878153,0.03955528306329539,0.23954067119190253,0.009918809664987446,0.00690938709514281,0.04184217869574492,0
2025-05-21 08:47:44.976,15,Tobillo_Izq,3.9286539610542883,78.06773415065459,261.59994713190036,0.00038546775526217454,0.007659772161096491,0.025667402982620074,6.733224306700864e-05,0.0013379838752999448,0.004483497758065856,0
2025-05-21 08:47:44.977,16,Tobillo_Der,-14.845350602860472,80.36973645561127,261.99974249700205,-0.00557450222191479,0.030179231628265663,0.09838219290080234,-0.0009737357624848743,0.005271609186059823,0.01718507873987194,0
2025-05-21 08:47:45.158,7,Codo_Izq,12.424950524731363,-16.23497722592051,257.05021568584516,1.596577302804873,1.6141137741648641,-0.1906888590394127,0.6896214023460078,0.7160296057392231,-0.05779468419118865,0
2025-05-21 08:47:45.160,8,Codo_Der,-28.59038218537905,-13.610560544332582,256.0253340808981,0.034886147056359965,1.6125174140026068,-0.285862244021612,-0.01041088607295345,0.704152553438606,-0.08818591399683293,0
2025-05-21 08:47:45.161,13,Rodilla_Izq,4.229496913256194,41.0132185165672,253.48399964935047,-0.03904085902111377,-0.3912479697566521,-2.4271250804639535,-0.028416700496205812,-0.1890441065949832,-1.10694793113181,0
2025-05-21 08:47:45.162,14,Rodilla_Der,-16.5275332163524,41.57206977153138,254.28608032476558,0.19560547872827372,-2.0777121745283837,-2.9870305735761784,0.07864752378082142,-0.9297437437540544,-1.3634670686510175,0
2025-05-21 08:47:45.163,15,Tobillo_Izq,3.9305086449986284,78.1045892604544,261.72344623021627,0.007028514422353985,0.1396662065016737,0.46801245910944334,0.00306891780899266,0.06098359947647004,0.2043521125920046,0
2025-05-21 08:47:45.164,16,Tobillo_Der,-14.793654483221873,80.08986408194491,261.0873780540365,0.19590055583199303,-1.0605661304281488,-3.457371708897867,0.08793329010103372,-0.47605311185665794,-1.5518999840222658,0
2025-05-21 08:47:45.344,7,Codo_Izq,12.456831064234805,-16.55708261733133,256.8475377741038,0.28737376564186845,-0.8852294870956844,-0.6931966135454531,-1.8319210249300961,-5.062467225482699,-1.5712486656227012,0
2025-05-21 08:47:45.346,8,Codo_Der,-28.5972924661551,-13.947857370663296,256.08457606858536,-0.02084449200469331,-0.9366916256589299,0.16688200799015063,-0.13075901053279138,-5.208092359990954,0.9491153854654125,0
2025-05-21 08:47:45.347,13,Rodilla_Izq,4.2374673057986865,41.464628442010664,253.97037567090027,0.02120058634084026,1.4536887522731503,1.335651614546041,0.11473097673156152,4.613328524147308,7.60535881518717,0
2025-05-21 08:47:45.348,14,Rodilla_Der,-16.53113977762806,42.28582158370406,254.33933726169437,0.009826068022000633,2.1326350649710073,-0.16790577838184298,-0.2977628182369959,9.233352689191598,4.39360382620574,0
2025-05-21 08:47:45.349,15,Tobillo_Izq,3.9382965618629977,78.25934583341352,262.24202553503244,0.026673261059754677,0.530034223931811,1.7761105335922291,0.0615957845191114,1.2239925883798357,4.101520300205972,0
2025-05-21 08:47:45.350,16,Tobillo_Der,-14.756074146625386,80.26855305041435,260.4241375031981,0.1473514774699906,0.47176924537318427,-2.6005481572292037,0.08457557136105565,3.0215899703985007,-1.4926409291988598,0
2025-05-21 08:47:45.513,7,Codo_Izq,12.441614835828227,-16.681454104562466,257.08398989051926,-0.1507631031400085,-0.8683937010987655,0.6726831734945772,-2.2701766316340617,-3.9097593123752477,2.8202167502603124,0
2025-05-21 08:47:45.515,8,Codo_Der,-28.63050857618882,-14.072774443452099,256.38053203755123,-0.12931285312615695,-0.8849989952347788,1.135848762390195,-0.45466596430873796,-3.9354425391356216,3.908696011461018,0
2025-05-21 08:47:45.516,13,Rodilla_Izq,4.254260292006674,41.71123821096167,254.9817549755246,0.06965728218397892,1.3278197375516396,4.2476216119736385,0.24922014916388874,3.8358201773101204,15.471901640554734,0
2025-05-21 08:47:45.517,14,Rodilla_Der,-16.463016236186984,41.941431536848036,253.28996753987585,0.22396106193596985,-0.40593680341730126,-3.4644535283183977,0.5267717975655813,-0.5517329334387089,-8.24227948094077,0
2025-05-21 08:47:45.518,15,Tobillo_Izq,3.9392062449643666,78.64923546561577,262.30259922097775,0.009907968285568433,1.523759536680151,0.6597486073814153,0.009067477085891701,4.513533499752099,0.6037822495448828,0
2025-05-21 08:47:45.519,16,Tobillo_Der,-14.763053031196383,80.39032145049245,260.5473050867353,-0.005341904523300372,0.6826263602395582,0.09427716778060784,-0.3025564031920939,2.9995806783470362,5.339698727753194,0
2025-05-21 08:47:45.682,7,Codo_Izq,12.390249908104128,-17.007646875464772,256.4157746107974,-0.3530141130277905,-1.4720401097350426,-1.8576493538933483,-2.2127270117796836,-5.058421302140342,-4.760365022135341,0
2025-05-21 08:47:45.683,8,Codo_Der,-28.93368482969312,-14.416226004994671,255.91810652637125,-1.034729039554714,-1.5323570403452238,-1.041205122842434,-2.99177923263122,-5.214193337599554,-2.635226036535486,0
2025-05-21 08:47:45.684,13,Rodilla_Izq,4.247051802350322,41.28343762600421,254.550617014697,0.0053411059122135335,-0.9046436678174647,0.37276164045952703,0.041827724515989484,-2.6774105975673717,2.867156331535865,0
2025-05-21 08:47:45.685,14,Rodilla_Der,-16.535706622268382,41.683162193436935,254.40810872709338,-0.1629640102929482,-0.938974984738027,2.4937244661265034,-0.5609983595207096,-2.2318438953996225,8.538500222426283,0
2025-05-21 08:47:45.687,15,Tobillo_Izq,3.951347376551542,78.26396302961012,263.1110489884585,0.04150997436681515,-0.6878610425870575,2.7640528301686724,0.10451583763409042,-2.000482008973286,6.959467000801352,0
2025-05-21 08:47:45.688,16,Tobillo_Der,-14.374042164782795,79.87005290403575,260.04486577032077,1.2374804708640552,-1.3639817083471457,-1.228714974751774,3.334982280368184,-3.2547351137103666,-0.1419831872728583,0
2025-05-21 08:47:45.846,7,Codo_Izq,12.743348426502692,-17.813438343760367,256.91363215720554,0.7430007232364537,-3.014443696646259,0.5971245247569377,0.8141373836751811,-8.480782540685077,1.185148624028436,0
2025-05-21 08:47:45.847,8,Codo_Der,-29.068833780036627,-15.200891269566762,256.17398572196515,-0.8580421599667741,-2.981140619075227,0.2717981350374025,-2.48439182411615,-8.40929080386922,0.534916961380103,0
2025-05-21 08:47:45.848,13,Rodilla_Izq,4.559387596576883,40.648562802863076,253.41302384878102,0.8863456144790418,-2.213826488509515,-2.9030832130346154,2.1791981414040658,-5.780403662026314,-5.6350592004297955,0
2025-05-21 08:47:45.849,14,Rodilla_Der,-16.907026065188912,41.31020105960732,254.98486452111024,-1.1303258954981663,-1.4483591514914056,2.8785578125090616,-2.879219388270403,-3.5365831852721534,8.919682356309085,0
2025-05-21 08:47:45.850,15,Tobillo_Izq,3.9506133259025584,78.04068531937898,263.06217025979726,0.015852467971933352,-0.9480397173508881,1.0555790416967756,0.04326434145810818,-2.579433754410946,2.880872062119866,0
2025-05-21 08:47:45.851,16,Tobillo_Der,-14.273751289798954,79.44924331942535,260.1821155167202,0.8343474637843694,-1.763364831686891,0.08326187163727218,2.3287746503477953,-4.3172818885121655,2.194496566025982,0
2025-05-21 08:47:46.005,7,Codo_Izq,13.857048907394967,-18.130678867439663,257.97865408713494,3.0497563295103656,-2.3826229067948512,2.9146294333787814,5.973644235297667,-7.048747771173429,6.186932364903983,0
2025-05-21 08:47:46.007,8,Codo_Der,-30.21312320150013,-16.484754230267452,257.74730624344335,-3.29455384203297,-4.761064151610745,4.022613320318757,-7.5958731583117585,-12.075898902971625,8.516849444337264,0
2025-05-21 08:47:46.007,13,Rodilla_Izq,4.672282593897483,39.87134334245343,253.31571364329835,0.7239186795545546,-3.061917761533754,-1.5755971629100902,1.8820069400756274,-7.610994175635027,-3.334419961720497,0
2025-05-21 08:47:46.008,14,Rodilla_Der,-17.367032581467885,40.939556382772075,255.47909282284172,-1.7140405582004272,-1.6421090445968685,2.8149514352340326,-4.1498100413923416,-4.02825201606907,8.499690193831984,0
2025-05-21 08:47:46.009,15,Tobillo_Izq,4.256204415630998,77.70791771276018,262.0991399822361,0.7652320986153022,-1.3194128738676598,-1.8333702718065652,1.628642356173556,-3.3560414929799087,-3.243953279108661,0
2025-05-21 08:47:46.162,7,Codo_Izq,14.002888268008913,-20.01012771998146,258.7952969669111,1.8936361520771052,-5.571433842113351,3.3434083356015765,4.2885966175944095,-12.916402101897958,7.35469121891854,0
2025-05-21 08:47:46.164,8,Codo_Der,-30.397163431335823,-18.443069552152785,258.73495023245675,-2.1986629940991342,-7.001806276400294,4.304944787868,-5.826813893984189,-16.466296304826713,9.552630694382202,0
2025-05-21 08:47:46.165,13,Rodilla_Izq,4.990118475149511,39.019435700054714,253.2996474495509,1.1127057437081977,-3.5911061421980497,-0.8680817461805219,2.6302915826418163,-8.756129124693965,-2.2058873768878575,0
2025-05-21 08:47:46.166,14,Rodilla_Der,-17.502523117991146,40.177029387429705,255.25471786561417,-1.247942327889238,-2.5957735423655977,1.2030171165135297,-3.3837663227298957,-5.909917414776023,5.306287506358988,0
2025-05-21 08:47:46.167,15,Tobillo_Izq,4.6820024325463745,77.41532521814318,262.116279904973,1.3445075336648589,-1.3894052870982034,-0.8784104247072443,2.8097618591749045,-3.537288371997362,-1.8150014854238294,0
2025-05-21 08:47:46.168,16,Tobillo_Der,-15.011255392923072,79.94709403369404,262.2862044217147,-1.3910886753320324,0.3502111528663234,5.431535663857865,-2.407230905466257,0.05404340226756954,13.08692442628536,0
2025-05-21 08:47:46.317,7,Codo_Izq,13.73155257254568,-20.7970737719484,259.1438438525064,0.5602354757902444,-4.838666661325504,2.6231986585785387,2.2018104476481626,-12.131704162471076,6.481118518801168,0
2025-05-21 08:47:46.319,8,Codo_Der,-29.172062415035587,-18.29934158926103,257.83665034554565,1.094910293842367,-3.839126830712902,0.6950367178285393,-0.28828326412914773,-11.63567171649803,3.8636946461731334,0
2025-05-21 08:47:46.320,13,Rodilla_Izq,4.8408568828380005,38.66394581438452,253.0817219688746,0.35883520962681004,-2.852238159785146,-0.9605523323029184,1.4340569120516298,-7.719083129609235,-2.398451892725487,0
2025-05-21 08:47:46.320,14,Rodilla_Der,-17.517408752006553,39.84069477148382,254.90784329955585,-0.8030633594736059,-2.1847341834924157,0.2257168464341674,-2.6416656152666413,-5.446092607045725,3.284780638653625,0
2025-05-21 08:47:46.321,15,Tobillo_Izq,4.852320643376812,77.0201025788214,262.1295582047031,1.102597127464981,-1.6306587691092547,-0.46993256433727215,2.5665715200234906,-4.002397156356327,-1.2352673537132195,0
2025-05-21 08:47:46.322,16,Tobillo_Der,-15.208108166955382,79.02024412350193,261.28365206549233,-1.129119459240459,-1.9280295973536365,0.7794088105575483,-2.207780360905881,-4.052866959756805,4.713844179503138,0
2025-05-21 08:47:46.483,7,Codo_Izq,14.734209635004632,-13.359866458871165,260.9005449455297,2.2442920671397717,10.468211066245136,4.8249171747647335,4.673379078547336,11.519081243520501,9.940941953976605,0
2025-05-21 08:47:46.485,8,Codo_Der,-30.05377410387892,-8.835761001748041,261.18713616431205,-1.1913948656011615,14.589920546914046,6.712045612460457,-3.2688984557154144,17.22625129535183,12.809650251865769,0
2025-05-21 08:47:46.486,13,Rodilla_Izq,5.396783143981716,40.41519142692715,247.069632744182,1.2830185244590215,1.3392535527103406,-11.515747119885322,2.773556977162759,-1.1589980733459813,-18.76175526833013,0
2025-05-21 08:47:46.487,14,Rodilla_Der,-17.09190156052823,42.827930778365776,248.67333252307466,0.2116295077664736,4.05632406531836,-10.928355689669083,-0.9663962754707367,4.188729767918862,-14.480506919750695,0
2025-05-21 08:47:46.488,15,Tobillo_Izq,4.533989847333818,76.31237768077004,255.87616899529135,0.09525204285928346,-2.2992424024298463,-11.65234367721124,1.0554264385116487,-5.073508263888649,-18.552033595732258,0
2025-05-21 08:47:46.489,16,Tobillo_Der,-14.595992779955662,79.72158015802414,258.88077438852184,0.5999248113484302,0.31711937387895156,-4.058133327954187,0.5702673554671249,-0.4462414220174411,-3.9749656032279006,0
2025-05-21 08:47:46.635,7,Codo_Izq,15.252184795794518,-2.015918688333924,254.2075224710725,2.277200060716391,24.85388364047482,-8.336707692514775,4.980250854230838,35.28219008555714,-8.668576529832269,0
2025-05-21 08:47:46.637,8,Codo_Der,-29.837253669028012,5.237465877322126,254.89648742268847,-0.44460882656657275,31.798618088549354,-6.569985299308257,-2.1961254629326348,46.02379954555594,-5.593656942645694,72
2025-05-21 08:47:46.638,13,Rodilla_Izq,5.341429923715797,44.29938172462476,240.3225083316119,0.7153199015032896,7.0726137256254535,-18.15934088166153,2.0784248751035843,7.961871996619313,-30.579586172604223,0
2025-05-21 08:47:46.639,14,Rodilla_Der,-15.370982312615451,46.49939188837398,240.29223197537092,2.925097169379531,8.380135861515308,-20.29579359202234,3.2302878376815123,11.616628554950378,-30.67317104960259,0
2025-05-21 08:47:46.640,15,Tobillo_Izq,4.835388868410401,77.12179930321767,252.55562780973713,0.6441713871829765,-0.08781441964245133,-12.397632698150298,1.733961662111362,-2.0715256741293313,-21.865460050030645,0
2025-05-21 08:47:46.641,16,Tobillo_Der,-14.381519140311122,80.14563463631531,254.73440299856844,0.6937487774989038,0.8693510121892003,-9.616105087040038,0.9022184011440149,0.6347811436281829,-13.862255367484716,0
2025-05-21 08:47:46.794,7,Codo_Izq,12.772668015287628,1.271762990121535,228.54328466201503,-2.5077871564204495,19.53793716565355,-45.63445673221822,-1.5137640980055922,32.78032363533446,-62.816279508760786,100
2025-05-21 08:47:46.796,8,Codo_Der,-28.625220211422416,6.495786090516189,236.97255399182728,1.5448420186886325,20.352411953812485,-32.16160209380322,0.7334729748002475,36.2087318329439,-43.15733751987402,100
2025-05-21 08:47:46.797,13,Rodilla_Izq,3.7483054027112823,46.398527615581145,237.1719104885217,-2.0460520154800617,7.23547718289358,-15.912718084056095,-1.7959985907732752,9.909567475765364,-30.28836043765408,0
2025-05-21 08:47:46.798,14,Rodilla_Der,-14.302875037653793,48.402876802737815,237.18912051484554,3.3072328637237445,7.836462041977521,-16.79510941956036,4.484478563793411,12.557793401603496,-29.512447529582534,0
2025-05-21 08:47:46.799,15,Tobillo_Izq,4.5191635640678225,77.086189312315,250.10600693041175,-0.062353678179189596,-0.28499555460307885,-11.43267334714373,0.7486277814248197,-2.061099245764451,-22.306147406791865,0
2025-05-21 08:47:46.800,16,Tobillo_Der,-13.610386474217645,80.223117763225,253.85573392563174,1.6876882671939812,0.5621509965375426,-6.870313861919191,2.508913394271307,0.46384847685028685,-11.810172259403501,0
2025-05-21 08:47:46.941,7,Codo_Izq,16.706524449924288,-19.539200376953573,263.2638302311988,4.769394534565135,-20.132686818407475,26.72445268567439,7.595210639270282,-17.914057151025425,25.98437800156546,0
2025-05-21 08:47:46.943,8,Codo_Der,-32.99156310431208,-14.875745824896143,268.2421801629948,-5.9609377835913495,-20.319518618817487,29.44932813004295,-8.971734313517878,-15.998324116629085,33.74389541333642,1
2025-05-21 08:47:46.944,13,Rodilla_Izq,2.6992050959546328,42.09622235681165,240.05589341744178,-2.7450128204395186,-2.3809707901007666,-5.670891678522083,-3.3342727641368843,-1.6319366803422835,-18.587288684634522,0
2025-05-21 08:47:46.945,14,Rodilla_Der,-15.129095842693705,43.76108324593138,240.11224193344188,0.6718118988384028,-2.3939302925159036,-5.960750977588971,1.6153059251688342,0.05381538428913579,-17.473145624954746,0
2025-05-21 08:47:46.946,15,Tobillo_Izq,5.0797994910408955,76.69413156743356,253.07296899597281,0.9022651773942569,-0.918741986572918,-2.7368382490867895,1.933475632719776,-2.752920398375486,-11.999284824310879,0
2025-05-21 08:47:46.947,16,Tobillo_Der,-14.268057981857512,78.95199217438419,255.54892232070657,-0.06569525815580435,-1.7514717285931696,-1.4570594798037553,0.3990303903035737,-2.6101173330462473,-5.408687238067152,0
2025-05-21 08:47:47.097,7,Codo_Izq,15.927104104733214,-49.6194301352115,238.38150769611232,1.7301551694991693,-56.45924067953556,-22.806059568287104,4.313841253634603,-72.46448346208619,-33.83552291370823,100
2025-05-21 08:47:47.098,8,Codo_Der,-31.601276939920115,-45.89988039775856,244.29257860209754,-1.48645010344879,-57.799898011053145,-19.426210371313633,-4.034627642229725,-72.46160140160617,-25.223992485781217,100
2025-05-21 08:47:47.099,13,Rodilla_Izq,1.7109831202052164,23.92049939310934,241.5676960112041,-3.0736368642321485,-28.72597825579958,-2.0356583427924027,-4.401307403470813,-37.90798816903957,-13.258865393969547,0
2025-05-21 08:47:47.100,14,Rodilla_Der,-16.443935974479185,26.173243409490134,240.80285000491327,-1.5282606989477499,-27.691367114659023,-3.3112326564087216,-1.3178398905209878,-35.0604206825621,-13.755183577246964,0
2025-05-21 08:47:47.101,15,Tobillo_Izq,5.434074874420264,60.80967810727215,255.76522408742628,1.1304009029658477,-24.682974710372847,1.710309207891325,2.323794932020573,-34.79047107948086,-5.351035183968371,1
2025-05-21 08:47:47.102,16,Tobillo_Der,-15.250010273010473,63.20035372810661,254.7748520671695,-1.5207127214215157,-25.523195600407742,-2.3579232163090347,-1.6761892464488186,-35.4399046778056,-6.436382448761357,2
2025-05-21 08:47:47.247,7,Codo_Izq,14.585582470006528,-63.10376936439938,222.27678770793113,-0.7957215015306682,-53.39056412756695,-37.86173407945215,0.997612589359969,-80.90005802855515,-58.5640167011646,100
2025-05-21 08:47:47.248,8,Codo_Der,-31.36232196042083,-61.71522210894909,230.6659156961214,-0.7076592736525019,-57.50464850407359,-31.79698136411653,-3.0145964453466716,-85.17859635771335,-46.185523780799436,100
2025-05-21 08:47:47.249,13,Rodilla_Izq,1.0008451556357982,10.324558731238227,240.8159666077715,-2.9111410661491193,-37.29951179150742,-3.2605229116278815,-4.802070638222879,-55.71549862573262,-13.85587164880684,0
2025-05-21 08:47:47.251,14,Rodilla_Der,-17.04569498125075,13.117920822881056,238.6730541164434,-1.741435376503494,-35.749342950526824,-5.966702992451551,-2.0366758884433667,-52.15771474096497,-16.726363410674782,0
2025-05-21 08:47:47.252,15,Tobillo_Izq,5.307993385293637,49.91861552130579,252.64716864093208,0.5554197475362656,-31.065568921319834,-4.307180766823812,1.6767792697022972,-48.45076251653871,-12.013712272511325,100
2025-05-21 08:47:47.253,16,Tobillo_Der,-16.50011200455977,51.173592209682965,248.70539394464882,-2.761518791321785,-33.41306458487119,-10.883634381138444,-3.7332413610480426,-51.43188584006236,-18.009531021215153,100
2025-05-21 08:47:47.401,7,Codo_Izq,14.319921199609894,-61.33490160429838,222.71266427435359,-0.6788843285287379,-29.866320074352632,-22.500110682962507,0.6872417462695186,-58.94513435505542,-44.606500336448526,100
2025-05-21 08:47:47.402,8,Codo_Der,-29.679731536011953,-57.27912922071237,227.12871240848636,1.887023392718602,-28.241322000281723,-24.40855396348751,0.6472425123924981,-56.50690527832726,-42.356497844373585,100
2025-05-21 08:47:47.403,13,Rodilla_Izq,2.6015903843682016,15.691337741960414,237.2509710159315,0.5650329411180504,-14.672030078385935,-8.070778432551235,-0.5813254108123624,-32.118700477048925,-19.663076795161707,0
2025-05-21 08:47:47.404,14,Rodilla_Der,-18.336434613770006,18.2427751700029,234.72925248307888,-2.917669062395776,-13.978090660500587,-10.167640564106833,-4.036919574957323,-29.60898822235272,-22.38873181896584,0
2025-05-21 08:47:47.405,15,Tobillo_Izq,5.895287995188539,55.767899153799846,245.3080165019418,1.2835068893194836,-10.360820930406856,-13.990049989219548,2.6422209750949204,-25.984840799435958,-25.104296716817338,2
2025-05-21 08:47:47.406,16,Tobillo_Der,-16.973695799671873,58.67980198940825,241.76992050119563,-2.3413201225054556,-9.120662586429892,-17.096742425016757,-3.7407552108101823,-24.68875508890291,-28.179232724571676,6
2025-05-21 08:47:47.549,7,Codo_Izq,13.554410035042071,-41.69859930158073,226.23327327720983,-1.3990236285132795,9.535066779149018,-9.512212521687246,-0.6658269755542774,-9.24282744038495,-29.837718855960947,0
2025-05-21 08:47:47.550,8,Codo_Der,-29.93391280996312,-37.52829163701175,227.24295630314646,0.5880819932911298,10.69922425764244,-15.27318532295662,-0.44050229145498143,-7.111964181870881,-33.92213595205112,0
2025-05-21 08:47:47.551,13,Rodilla_Izq,4.81677370650287,28.155257004206426,228.6808297572262,3.4983528785626534,8.57627548071985,-18.280376987990323,3.7199186025677884,-1.9639560417651012,-34.067751834984605,0
2025-05-21 08:47:47.552,14,Rodilla_Der,-18.902789516189802,30.6411981037641,228.29095154377532,-2.594108511333203,9.032526864833349,-16.37303561625414,-4.218272754825086,0.15194148858916634,-31.819662615077124,0
2025-05-21 08:47:47.554,15,Tobillo_Izq,6.360494091209692,64.93132020357932,238.17140689424917,1.536576566604247,6.302819919021739,-19.481993901143994,3.1375918649445254,-3.889801846673439,-34.74170103944443,1
2025-05-21 08:47:47.555,16,Tobillo_Der,-17.960869197337573,68.77149170234222,237.98241231602694,-2.9162841792123797,8.437770721309342,-16.29408728205376,-4.945831229700348,-1.1461790771460763,-30.0835996067612,0
2025-05-21 08:47:47.704,7,Codo_Izq,12.064847326783124,-20.8532747325773,231.940083139557,-2.9231293892168373,34.50155269579677,1.267588863030231,-3.2211210929153498,30.129996402767993,-14.577143880768663,0
2025-05-21 08:47:47.705,8,Codo_Der,-29.038089517922717,-17.865355566166635,228.16918250619085,1.5625012360802322,33.49147340124834,-8.887960081794255,1.1965049024908954,29.45191371706057,-26.4150387379172,1
2025-05-21 08:47:47.706,13,Rodilla_Izq,5.483516058605067,36.93310662923854,223.87118082743183,2.968637920392514,16.845928284757314,-18.806289061698408,3.8764982756123167,13.13379219959694,-37.20819634803555,0
2025-05-21 08:47:47.707,14,Rodilla_Der,-17.992654134865518,39.06954689928137,223.4403288730056,-0.25451958190322177,16.735235300804533,-17.76664586140305,-1.4588954971861274,14.347758940616918,-35.697934529893985,0
2025-05-21 08:47:47.708,15,Tobillo_Izq,5.670284063501664,70.8043379666357,234.54844383336967,-0.014836755760736241,11.301977357150685,-17.674879271133047,1.1819715182952568,6.0970920725762845,-35.088378165671486,1
2025-05-21 08:47:47.709,16,Tobillo_Der,-18.22607767655902,75.38766304667178,237.38879098281413,-2.2122333723694356,13.65580255916388,-11.267996270786002,-4.445433322794287,9.566792912548216,-25.43856139408026,0
2025-05-21 08:47:47.865,7,Codo_Izq,11.316068522850856,-15.964107082015211,243.89561050027845,-2.759285755695819,25.996168247230145,16.889973974582237,-3.7003087265036347,28.0189098629817,9.53103048136192,0
2025-05-21 08:47:47.865,8,Codo_Der,-29.669555136154,-13.37018167810558,235.4798042053177,-0.09861796975687702,24.883487324713094,4.223712160326105,-0.616777054796293,26.89080713320922,-8.08079597843739,0
2025-05-21 08:47:47.867,13,Rodilla_Izq,4.531843449252605,39.71442558685864,225.5420357952552,0.32896015963476516,13.12798024391679,-9.705245716795078,0.8904492276568856,12.939905602251757,-26.760839509295288,0
2025-05-21 08:47:47.867,14,Rodilla_Der,-18.46329360217625,41.58346685048392,225.62278111974686,-0.949434989733868,12.795089380793653,-8.327372438262643,-2.288510888504084,13.618229588947889,-24.594403985588674,0
2025-05-21 08:47:47.868,15,Tobillo_Izq,5.058234522133936,75.12951228114731,236.76323748291685,-0.8008052930517475,12.187707819038389,-8.180194127223931,-0.07982784530203513,11.003129412125002,-23.96522688568035,0
2025-05-21 08:47:47.869,16,Tobillo_Der,-18.11825005045075,78.89647459640832,237.7137000945907,-1.2797920934479685,12.392777595953174,-7.1110208575322496,-3.3973445454912197,11.962087655781911,-20.478843008821904,0
2025-05-21 08:47:48.012,7,Codo_Izq,9.779290465349678,-18.572860462702074,246.86276192917833,-3.9233404839955868,11.130197449551714,13.362035548114454,-5.904887598379785,14.391299534160307,10.293102702759729,0
2025-05-21 08:47:48.014,8,Codo_Der,-30.286724241097357,-14.171481465743373,239.91611951665033,-1.0128155652588122,13.164619342898828,7.886815934249434,-1.8217165831747202,17.27354409587835,-0.19157598809227405,0
2025-05-21 08:47:48.015,13,Rodilla_Izq,4.452035903870534,40.11352541828363,229.27429565330945,0.11838217027428564,8.050628550364191,-1.5004457238988216,0.6116441282611513,9.555025117018474,-15.739053055574066,0
2025-05-21 08:47:48.016,14,Rodilla_Der,-19.184428312691978,41.996286055456586,230.5150653594846,-1.7224523959947262,7.96931602348751,1.0663351253921052,-3.413724977415832,10.345322103128169,-11.684909988628707,0
2025-05-21 08:47:48.017,15,Tobillo_Izq,5.107385508072775,76.8816531322526,239.33175495369528,-0.3207679995748543,9.42669158707369,-2.2399797306618376,0.2596963672560789,10.676245366284675,-15.81161721760878,0
2025-05-21 08:47:48.018,16,Tobillo_Der,-18.26167787779575,80.03394890131419,239.37189982939117,-1.1252404999718686,8.70225527837706,-2.768502719370261,-3.2322397453291174,10.313976111098597,-14.573333804582248,0
2025-05-21 08:47:48.162,7,Codo_Izq,9.875569953776438,-18.351303446663472,247.3819217762839,-2.254250640342133,6.919879688181627,8.066621607517513,-4.380716189184949,11.126703176165318,7.047619689987092,0
2025-05-21 08:47:48.163,8,Codo_Der,-30.4106166418729,-13.932673570150344,240.39801745214416,-0.8285423858119187,8.172484259025103,4.468511627858212,-1.7238402052479251,13.359243617214734,-1.6077495984196561,0
2025-05-21 08:47:48.164,13,Rodilla_Izq,4.7896748285944,40.787359716344255,232.29698540031282,0.6107885575651454,5.690797231537068,2.372743848764869,1.2480176148880089,8.257132781311666,-8.779562130648305,0
2025-05-21 08:47:48.165,14,Rodilla_Der,-19.74614726393971,42.489843719165385,233.00049393721997,-1.9569628701522241,5.454520204423408,3.1617249792008866,-3.953614938404498,8.687716320127835,-6.691005267850066,0
2025-05-21 08:47:48.166,15,Tobillo_Izq,4.982186342131745,78.17325567633661,241.7173822966796,-0.3159778188407422,7.362975865312341,1.0688493414506444,0.09689901458919747,10.189812202093133,-9.920401683790622,0
2025-05-21 08:47:48.168,16,Tobillo_Der,-18.49006848198526,80.40198268390341,240.1222139641165,-1.161508921013787,5.616917524657815,-1.498328372921082,-3.2803917465889736,8.180876172428421,-11.87617963555678,0
2025-05-21 08:47:48.307,7,Codo_Izq,10.727502681182967,-19.733046007756087,244.63235299483807,-0.20044819290675897,2.2485255748633537,0.4165256352055495,-1.870624341926785,5.9935898517974655,-1.1351886227058134,0
2025-05-21 08:47:48.309,8,Codo_Der,-31.17628743595633,-13.711055844555228,238.50183836680657,-1.6872623818548071,5.4298368536302295,-0.7999192087976869,-3.0041819458296537,11.081283804899034,-6.783112446201712,0
2025-05-21 08:47:48.310,13,Rodilla_Izq,5.159015244235579,40.70198313127089,232.7686672503472,0.9518158535854889,3.3343599125443126,1.088710166383133,1.7935160984981944,6.203678791253656,-8.332272839121728,0
2025-05-21 08:47:48.311,14,Rodilla_Der,-19.54191848098396,42.64124075570153,232.90925434363828,-0.9828911913122939,3.6094453391017725,0.813249944238243,-2.8656949927197184,7.179453666607271,-7.675572640569449,0
2025-05-21 08:47:48.312,15,Tobillo_Izq,5.495526182730921,78.43271888306941,242.4881841353159,0.6189272774479132,4.821435675844162,0.8051996510143087,1.2385459322712475,8.299978832842001,-8.447485528648611,0
2025-05-21 08:47:48.313,16,Tobillo_Der,-18.584815325330304,81.02333730901485,240.32274554345773,-0.9850873468748064,4.342755527447087,-1.4512252905348701,-3.0558378350234334,7.595964550555728,-10.76012311989626,0
2025-05-21 08:47:48.459,7,Codo_Izq,12.664869252598939,-20.655293125916025,238.70675047597493,2.625040007127032,0.22515803854732883,-8.733156958401816,2.2091092045544594,3.260184561889754,-13.390003569764922,0
2025-05-21 08:47:48.461,8,Codo_Der,-30.486351006437445,-14.274986448548269,235.5173776009927,-0.03899159906170584,2.7194993533548413,-5.4304139190410945,-0.9927106388574338,7.971484335565933,-12.49390847848396,0
2025-05-21 08:47:48.462,13,Rodilla_Izq,9.484773752338555,37.96873269884145,225.5105735867751,7.0562072906694215,-1.9401979267252896,-11.041666090542904,10.325685771694804,-0.5868130119085269,-23.3588269640893,0
2025-05-21 08:47:48.463,14,Rodilla_Der,-18.29947677381651,42.01600619885873,233.80548315997427,1.1302550767466824,1.4180720163705536,1.0365091117561207,0.05616261019228164,4.603216253360353,-5.909383327702437,0
2025-05-21 08:47:48.464,15,Tobillo_Izq,13.775800005212265,75.82446151620323,238.4721215180228,12.7413733393165,-0.8626899743682328,-6.355532090426386,17.99724955778309,1.2530581006987918,-16.734414156754532,0
2025-05-21 08:47:48.465,16,Tobillo_Der,-18.06356632860239,80.81466916878946,240.88415939789806,0.03790598356103818,2.422940703541603,-0.8096740684497662,-1.6072534423091105,5.635027656634609,-8.901606011760624,0
2025-05-21 08:47:48.611,7,Codo_Izq,17.830225021738546,-20.120562090194568,232.2831422364337,9.136475244798685,1.1929789924138021,-14.903649375092423,11.9319148713938,4.210105690870786,-23.536591927296442,0
2025-05-21 08:47:48.613,8,Codo_Der,-26.578875282930888,-13.280440724697407,233.8134984327614,5.7136638973591545,3.480554724308748,-6.2258408317945655,7.052454801063835,8.980338594885868,-14.010469358726043,0
2025-05-21 08:47:48.614,13,Rodilla_Izq,18.82928305855843,35.81624079773333,216.67220213214483,18.186140595522012,-4.179459891218806,-20.481971160691426,27.05138453665005,-4.383956463393537,-37.50611518564705,0
2025-05-21 08:47:48.614,14,Rodilla_Der,-15.268391205913687,40.77761884700915,229.01287206594162,5.05650791227236,-0.7625275863417083,-7.171606458802924,5.917813435962437,1.5172168336857634,-15.916402422041742,0
2025-05-21 08:47:48.615,15,Tobillo_Izq,33.71877119448369,69.0773040376135,227.3320094209439,37.353446843486765,-10.34843892441097,-21.09736655813202,54.50629165635688,-12.339677748896019,-37.20785252672924,100
2025-05-21 08:47:48.616,16,Tobillo_Der,-16.741939769936863,80.07790667792818,241.62713769119557,1.8444722880367164,0.5528325324913078,-0.06791694918860425,1.1290919066184821,3.2405113467609463,-6.918061253578787,0
2025-05-21 08:47:48.760,7,Codo_Izq,28.087537857487526,-17.543637174931426,223.22698750465048,20.68286657535353,4.776727017056978,-22.668996367475216,29.877936040964165,9.028771014151255,-36.98714510758868,92
2025-05-21 08:47:48.761,13,Rodilla_Izq,32.177814414314525,37.456126194869086,207.9520615265521,30.935837151408048,0.06066928711091073,-26.06127421780865,48.21149386092894,0.3583459748076603,-48.23781098938009,0
2025-05-21 08:47:48.762,14,Rodilla_Der,-10.463220144346952,43.78539782751525,225.76726400908578,10.08862649689581,4.247730722528311,-9.656615442427867,14.079334735794486,7.880014023106524,-20.004312790156476,0
2025-05-21 08:47:48.763,15,Tobillo_Izq,54.92206199255157,68.90484454654884,214.16674890007602,54.1961897956622,-6.282550855793601,-32.94678703137419,85.25811445591188,-9.237962255555207,-56.867118006597565,100
2025-05-21 08:47:48.764,16,Tobillo_Der,-16.052993848982815,79.61723346891256,241.07810622429153,2.0056753509401344,-0.13691943562890638,-1.4591825779533965,1.9499586255827523,2.052252199299458,-7.864113562051551,0
2025-05-21 08:47:48.920,7,Codo_Izq,41.43778004366033,-17.15743613290282,209.6636008255089,32.17913946289053,3.6232580373455407,-34.07490603463877,49.61619001309787,8.02805227519217,-56.32951499120708,100
2025-05-21 08:47:48.921,8,Codo_Der,-0.7563767708124445,-9.50474731375091,265.8007735120623,41.649318541222776,8.052239093587152,43.32107550296911,57.67395589361165,15.315658649079397,53.61283555145313,100
2025-05-21 08:47:48.922,13,Rodilla_Izq,47.991238724395686,38.03831075264827,201.3625322194324,42.286549863347965,0.9260545578491549,-26.331108424054822,69.16398307731859,1.5174062120872611,-51.95219321820301,5
2025-05-21 08:47:48.923,14,Rodilla_Der,2.030539763467589,42.62676264363749,223.92387324770115,24.535218020075813,0.9771671538382948,-9.065590690908058,35.927539000049,3.928612411794151,-20.10442319149347,0
2025-05-21 08:47:48.924,15,Tobillo_Izq,70.51373207558582,71.56527323844709,206.3284075153035,56.16570032010936,0.18511851307963995,-32.17521099647118,97.22669406413249,-1.524283727411663,-60.665239684111874,100
2025-05-21 08:47:49.073,7,Codo_Izq,51.61405063128893,-17.82665573534366,196.31612103495235,34.76219651531689,1.4458099480030833,-40.95741419008906,59.12709275311837,5.35372151244338,-71.53544595399755,100
2025-05-21 08:47:49.074,8,Codo_Der,21.244822245640066,-9.955155726788567,241.33987209297743,57.47117901770776,4.522720731448333,-10.864578575026394,88.05023577905551,11.542022207564166,-10.7378574827258,100
2025-05-21 08:47:49.075,13,Rodilla_Izq,59.12601224246612,37.68394855706138,197.85027904877188,42.72312599704557,0.05020352359516284,-22.334454051590313,77.02196764040984,0.47412942497128485,-49.684269640087436,73
2025-05-21 08:47:49.076,14,Rodilla_Der,19.628324759844137,40.85864815779644,218.1054887544293,40.90064124945056,-1.8024780926657462,-14.712332842526667,63.2124662980337,-0.05981047333578937,-28.634790299713337,0
2025-05-21 08:47:49.077,15,Tobillo_Izq,77.44276349942524,72.60137346354894,200.29175117903375,45.588904790934706,1.4850150957103976,-29.62220470083623,91.56788132609879,0.5593006854677913,-61.50556095267397,100
2025-05-21 08:47:49.079,16,Tobillo_Der,11.741997612494195,78.56825984198152,233.29744621230302,42.48716669577792,-1.441980298186748,-12.973257058829207,58.20033086044103,-0.10226327305598693,-23.154550388935863,100
2025-05-21 08:47:49.237,7,Codo_Izq,58.36831357864638,-21.19857207235787,187.21562558105362,31.476417525864143,-3.800520745953283,-38.94921861984443,59.553122813292255,-2.074429308131629,-74.29000690106656,100
2025-05-21 08:47:49.239,13,Rodilla_Izq,66.31454138944754,37.933142963010944,195.40387739165797,37.460091807481966,0.4356093011158776,-18.54834973595122,75.1824066949676,0.9469243719954608,-45.8189492167107,14
2025-05-21 08:47:49.240,14,Rodilla_Der,41.26154473947578,40.19696611627005,214.28765455223356,56.60785088957854,-1.8044086379854023,-15.080702255000778,91.4882155729523,-0.7925721741994881,-30.650339929104852,99
2025-05-21 08:47:49.241,15,Tobillo_Izq,80.98256315779656,74.08398148531371,198.13564075890147,34.77725342763628,2.9175450201700954,-22.57655191043305,81.01680995764228,3.0394999919035226,-54.304398221027064,100
2025-05-21 08:47:49.242,16,Tobillo_Der,43.297489662019146,72.03549343719536,215.5733268761349,71.64196049630861,-10.342414603481274,-34.36935800577351,106.43540689322217,-12.883742707539374,-54.16187162526586,100
2025-05-21 08:47:49.393,7,Codo_Izq,61.101030061478426,-23.494160743881025,184.64422499464794,24.289236321400505,-5.3549078086348105,-28.92019389956084,53.80431081247019,-5.4450706406390434,-65.53761550677854,100
2025-05-21 08:47:49.394,13,Rodilla_Izq,69.68276607694202,38.23920971433486,194.56758605624674,29.468746382558127,0.7413365060427081,-14.151282348665351,68.46942071090609,1.402270405914731,-40.620474035483724,0
2025-05-21 08:47:49.395,14,Rodilla_Der,57.77248346672771,39.72222106585819,206.21572800199738,59.29669375736301,-1.621311090646946,-21.763495728498842,104.7781600831147,-1.1640736563507768,-41.404786414833374,100
2025-05-21 08:47:49.397,15,Tobillo_Izq,81.87143286332437,74.51556232698914,197.1614475068674,25.090647463297227,2.2877283906124726,-17.02712771688081,70.02620564674561,2.92397707671624,-47.924648207544514,100
2025-05-21 08:47:49.398,16,Tobillo_Der,64.31261757774082,70.06696862487226,203.12514008955847,74.40932056565688,-8.946764588525069,-39.46563798778584,123.80958139390636,-13.304988210391219,-67.19141098749408,100
2025-05-21 08:47:49.549,7,Codo_Izq,62.27128475180545,-23.71872884547338,185.86915776691566,18.069160122404803,-3.3476585120485067,-17.805032126545775,47.23167016735798,-4.0859708816851,-52.432201133749615,100
2025-05-21 08:47:49.551,13,Rodilla_Izq,71.70467394015903,37.821228752413965,193.96135666562313,23.098166930916417,-0.13654699248639957,-11.264508005810011,61.62298782446837,0.2989268415302686,-36.413074583426905,0
2025-05-21 08:47:49.552,14,Rodilla_Der,67.39219170531318,39.275493816294045,201.33945481350906,51.61033123004829,-1.5253003319140037,-21.187554513373858,102.92579446504767,-1.5229004322287003,-43.347572406263666,100
2025-05-21 08:47:49.553,15,Tobillo_Izq,81.43060164151905,73.29996065073989,194.2714269075622,17.56457361514872,-0.44068816134483,-16.638823449082885,59.579718032270335,-0.29784509479933163,-47.21239222278663,100
2025-05-21 08:47:49.553,16,Tobillo_Der,75.72486117030004,68.82539518058213,195.42886943917082,63.08953703290692,-7.2490042469797045,-36.01858618526814,120.3399687125263,-12.664113442539305,-68.61690166219081,100
2025-05-21 08:47:49.700,7,Codo_Izq,63.55664337407324,-23.178890251483267,187.35414375022438,14.725542272717787,-1.1684142795937784,-10.990573919512808,43.228800904994934,-1.8907734096318944,-42.83101374105104,100
2025-05-21 08:47:49.702,13,Rodilla_Izq,72.98214359817104,37.225129670380646,193.10680148421596,18.397546854133125,-0.9148458241193644,-9.879869617896961,55.74368828856116,-0.8625425394282131,-33.86396364014731,0
2025-05-21 08:47:49.703,14,Rodilla_Der,71.22160843202619,39.68845620908797,203.983591966031,39.44005891084127,-0.256644614239921,-10.090433764397286,92.54646409041209,-0.19542039773587638,-30.60131099234033,100
2025-05-21 08:47:49.704,15,Tobillo_Izq,81.44608774910196,71.97448915401198,191.55099043619012,13.719216068412916,-2.185491922036379,-16.150972614169536,52.897756181890756,-2.816612063993855,-46.524413218417344,100
2025-05-21 08:47:49.705,16,Tobillo_Der,80.59677865321552,70.12712332941587,197.40039184918487,47.99327280528596,-2.670737934908835,-20.396245996580195,108.12872257401217,-7.542777923950742,-52.08501586303312,100
2025-05-21 08:47:49.872,7,Codo_Izq,66.18823618534636,-23.257493117555114,187.65721963524905,14.719753784337678,-0.8250516788473096,-8.705402220946405,42.147692519375575,-1.590838498845887,-37.19215099644083,100
2025-05-21 08:47:49.873,13,Rodilla_Izq,73.69546741287094,37.58384974445955,193.1025674161317,14.786835753820966,0.031223154553782127,-7.773287062128008,49.20904189071435,0.19193979031563546,-29.483489670227634,0
2025-05-21 08:47:49.874,14,Rodilla_Der,71.78181727317575,39.3037000460534,200.76800559481129,27.617107436157426,-0.6983412914353716,-12.254003414025613,77.40143462568065,-0.8686917724869189,-32.64733731421052,1
2025-05-21 08:47:49.875,15,Tobillo_Izq,82.37756356042,73.48881332548012,193.71386834001936,12.731195076596954,0.9637965463841454,-8.653492945126267,48.48698781075757,1.0353695969252357,-35.2983411798307,100
2025-05-21 08:47:49.876,16,Tobillo_Der,81.51553847725174,70.03400005674874,194.47429083656746,33.5004694954097,-2.0764837604877497,-18.563284433684174,90.26961654315994,-6.587723938129855,-49.379010909784064,100
2025-05-21 08:47:50.030,7,Codo_Izq,70.98395291424399,-25.692837611903983,187.19957314321573,17.80578395467334,-4.090149968912069,-8.18214364150221,46.06412169065896,-6.120086905049598,-34.50012462791102,100
2025-05-21 08:47:50.031,13,Rodilla_Izq,73.4457949271802,36.87322800511012,193.4872938304044,11.118999932902014,-1.0050875439623461,-5.806365855162386,42.9407163755106,-1.229836256753951,-25.59866500763551,0
2025-05-21 08:47:50.032,14,Rodilla_Der,70.63207533229821,38.874817113957945,199.80513980915566,18.439771735384817,-1.03507409536629,-10.176844684755162,64.69210551208357,-1.4807184407865517,-29.966631841569498,0
2025-05-21 08:47:50.032,15,Tobillo_Izq,83.04640553668982,75.27095495379557,195.79974870248344,11.424216149759136,3.1511040019789944,-4.270939514634146,44.6922511587476,4.241364342954042,-27.630604156167987,100
2025-05-21 08:47:50.033,16,Tobillo_Der,80.07281190893552,70.24179216138545,194.35215422179667,21.959342135006334,-1.2791614322877296,-13.455530599937743,74.82210043539787,-5.371353195734005,-42.66281865414213,100
2025-05-21 08:47:50.178,7,Codo_Izq,74.59269659660588,-30.2814815317115,188.18271843500287,17.922283327208156,-9.225811507619694,-5.539543728355823,46.995985156368356,-13.90672938883921,-29.385945595414196,100
2025-05-21 08:47:50.178,13,Rodilla_Izq,75.11270532148212,36.13797791136794,193.92719312791945,11.575239397928662,-1.6691830530510163,-4.405901246331186,42.047532698650215,-2.3691632822166233,-22.457682603212902,0
2025-05-21 08:47:50.180,14,Rodilla_Der,72.33372890357892,39.358919452100594,204.17565067756402,17.070674268738877,0.0780072356476591,-1.151866614700905,61.2397856656821,-0.1813042396150335,-17.629021801826468,0
2025-05-21 08:47:50.181,15,Tobillo_Izq,83.53235304478527,74.90343796840992,194.78358178229706,10.148711029652796,1.3574000466610499,-5.971436997852564,41.322973627450025,2.490892315837722,-27.792349244358686,100
2025-05-21 08:47:50.182,16,Tobillo_Der,79.50576921362193,70.55115464007254,194.67249960830492,16.33769811233984,-0.6359879216079048,-9.771686870232104,65.59184730882001,-4.261526314796543,-37.13039919650584,100
2025-05-21 08:47:50.342,7,Codo_Izq,80.21970140149064,-33.39273974436996,190.19377462691048,20.95327068346444,-10.121912509074104,-2.393364997162297,51.082692493638326,-16.714163756714605,-22.77917904123573,100
2025-05-21 08:47:50.343,13,Rodilla_Izq,77.42217411192716,36.925849297555494,193.83410386814776,12.703908652197287,0.16264122327492017,-4.297542660844117,41.73391932611891,-0.19014435917510664,-20.599344975553805,0
2025-05-21 08:47:50.344,14,Rodilla_Der,74.11791474603979,39.944915363227054,210.37213680527427,16.284776659614707,0.877533302362221,6.876025934500172,57.56730570996216,0.9654208354251241,-4.434971624350263,0
2025-05-21 08:47:50.345,15,Tobillo_Izq,84.55016350763991,75.96064446766441,195.962381500925,10.086347952893728,2.4102391574041997,-3.6600284525394446,38.92221577211276,4.086173384967805,-22.74506392741027,96
2025-05-21 08:47:50.346,16,Tobillo_Der,79.1945661907879,72.0597128052977,197.73273941163205,13.288744656179766,1.5144412187678553,-3.5338009688006298,57.86190012935221,-0.9312871637247864,-26.833432645811932,100
2025-05-21 08:47:50.500,7,Codo_Izq,80.1277279792366,-28.557717941791594,190.71050649555107,14.397028311769287,0.7943082792924581,-2.4789409360468686,42.98230580686578,-3.487489693744253,-20.421422629592463,87
2025-05-21 08:47:50.501,13,Rodilla_Izq,72.65917134440755,38.007540435680774,193.19693207700536,2.8423609878728486,1.6408424265014299,-4.853602509920734,27.20260834773481,1.9114698819914921,-19.985711644583265,0
2025-05-21 08:47:50.502,14,Rodilla_Der,70.40229144169447,41.843163760231306,214.56074716629328,7.518476758945743,3.2767171705224905,8.926349505233045,43.58395798644271,4.433416342196143,1.8198465949935754,0
2025-05-21 08:47:50.503,15,Tobillo_Izq,82.3470500353184,75.92504329525603,197.2786772377774,5.104128253180383,1.453093769319853,-1.8973641747086465,30.374084095505815,3.149813930760118,-18.399398233354706,1
2025-05-21 08:47:50.504,16,Tobillo_Der,74.58613526570319,71.26919053753119,198.3166875113419,4.837980229273119,-0.5364423985626889,-3.2893828638229365,43.03877760333977,-2.958012724370687,-23.877689990531604,100
2025-05-21 08:47:50.652,7,Codo_Izq,69.75988802206041,-10.405243522295802,189.77773456357636,-4.457232967268765,26.643355969611314,-4.373321616236427,17.037775299892505,32.465468678900024,-21.06420962370902,10
2025-05-21 08:47:50.653,13,Rodilla_Izq,64.93408135939178,41.94776139995525,193.23415426829777,-7.522625182259652,6.723686662945587,-4.050144508411505,10.357130425563064,9.212174656059444,-17.99322435247374,0
2025-05-21 08:47:50.654,14,Rodilla_Der,63.31312170829092,45.54279354388144,215.43285849683002,-2.893518480907054,7.3788942168666285,5.7083714233840555,26.220868190396555,10.705043956056883,0.823746410197356,0
2025-05-21 08:47:50.655,15,Tobillo_Izq,81.86438743938783,76.36758311942434,198.65177554755152,4.444785827119411,1.6238931090114506,-0.5390273894528594,27.18291516597003,3.520511276032562,-14.67623343154357,0
2025-05-21 08:47:50.656,16,Tobillo_Der,72.53057333141331,71.1711462361117,198.08109550343684,3.1440770068828474,-0.6640334289630812,-4.04855323430842,36.50798777683459,-2.9239273686543754,-22.810169293297406,81
2025-05-21 08:47:50.799,7,Codo_Izq,63.84336486651203,-3.936147717652539,194.5304046703541,-9.37020881400373,25.224157258124645,3.0376431103201673,6.124647307741245,36.867833738822185,-9.791719750296677,1
2025-05-21 08:47:50.800,8,Codo_Der,28.771449774783473,-9.816719919672817,216.00493089426078,46.509955655028094,3.3893397054294834,-43.68347150249496,84.21936369549371,10.216427031709355,-58.749408619064866,100
2025-05-21 08:47:50.801,13,Rodilla_Izq,56.69590081374616,44.870768521230296,195.6569373034534,-14.847888073084865,8.351554875442654,0.036028090634174954,-4.159974951214487,12.88742427201517,-11.552316490480091,0
2025-05-21 08:47:50.802,14,Rodilla_Der,54.980771306692496,47.06871820876952,208.44177761217657,-11.365864853280094,6.744478931020234,-7.445710172766996,9.805361877979294,11.35457575306485,-14.889502764014473,0
2025-05-21 08:47:50.802,15,Tobillo_Izq,81.39210419869009,75.78588394251253,199.45670496232663,3.8228271915873173,0.23678669243950776,-0.35552482805855334,24.33539230597976,1.7992790417330853,-12.585464797634529,0
2025-05-21 08:47:50.803,16,Tobillo_Der,72.39926147451237,71.8553039284249,199.5269930218484,4.507089936247844,0.4301382723415563,-1.8186465247818129,34.52489956613828,-1.2932348755878438,-18.222598615599885,16
2025-05-21 08:47:50.947,7,Codo_Izq,48.38050033263115,-22.435805268547263,198.38995284546792,-26.84787994757004,-11.974402422483806,6.319335327776813,-22.497532287850312,-8.870586476110645,-2.6745992810931947,0
2025-05-21 08:47:50.948,8,Codo_Der,15.116667789281294,-30.76710164476627,215.79988939124172,9.431700892017064,-28.59584509894562,-26.44131803876048,40.47261258270458,-33.83065733248823,-44.7320018368582,100
2025-05-21 08:47:50.949,13,Rodilla_Izq,47.944975433364775,35.34958419666992,195.42209206638574,-20.462075458071386,-8.92625735307216,-1.3350857975900967,-17.349217009793033,-9.140644676042907,-11.784949391112441,0
2025-05-21 08:47:50.950,14,Rodilla_Der,46.31539366855163,36.57868425099068,200.71631677403917,-17.44066931697199,-11.267254606557657,-16.308935341930052,-4.55355399901495,-12.121185267332475,-27.97323528538293,0
2025-05-21 08:47:50.952,15,Tobillo_Izq,74.00124266357336,71.0356532774433,198.05873761252056,-6.965151032690094,-6.752086411156923,-3.33346319604303,7.713978679731717,-7.91926249167542,-15.031608298364425,0
2025-05-21 08:47:50.953,16,Tobillo_Der,69.29610041026108,67.07040883890456,198.3648429806775,0.5904464834682063,-6.979425688081955,-4.181188581066925,26.149420450054514,-11.071808691935164,-19.63261544869496,1
2025-05-21 08:47:51.109,7,Codo_Izq,14.747803850033716,-41.55801622638723,192.8677573036,-64.26230508838319,-34.65354078125837,-5.514513503135744,-81.21755558981478,-43.437870479895935,-15.856288508610625,100
2025-05-21 08:47:51.110,13,Rodilla_Izq,25.609397788175023,22.567177110553587,194.40145647278572,-44.11529200167938,-23.89042979856339,-3.2317633899126945,-55.41946741236178,-31.860483786678863,-13.102450919895608,0
2025-05-21 08:47:51.111,14,Rodilla_Der,24.936316543911694,24.05063337162772,194.99572479781529,-40.10688301548526,-24.871917524915773,-18.605145744003362,-42.01523676642427,-33.4802959120904,-33.475689587975495,0
2025-05-21 08:47:51.112,15,Tobillo_Izq,72.97566878013929,69.84008796059267,197.32304319079046,-4.002311981234844,-5.622994255866638,-4.035141340540245,7.713978679731717,-7.91926249167542,-15.031608298364425,0
2025-05-21 08:47:51.113,16,Tobillo_Der,44.99259683811211,52.01038711502665,194.9799260591502,-33.24911007805309,-26.546410717901775,-8.778920643477655,-23.951148601031676,-38.98944521927204,-24.597824768009076,100
2025-05-21 08:47:51.263,7,Codo_Izq,-18.35712585687265,-38.1923647611701,188.32096355503467,-86.54549334969349,-15.317039992011306,-10.749707829620302,-126.02049595537238,-24.79282880673621,-22.92918262836875,100
2025-05-21 08:47:51.264,8,Codo_Der,-11.777772026995883,-29.510878792649436,199.00780862968966,-31.90877961720422,-14.634168701350335,-41.451782533769965,-18.5341156497985,-21.389618454408975,-69.63865281826403,100
2025-05-21 08:47:51.265,13,Rodilla_Izq,-2.9692358143433317,19.7495517226808,192.2511307302319,-68.02122515251533,-18.317375169750118,-5.885643407762873,-97.99367799193058,-29.32787904238601,-16.11788943596986,100
2025-05-21 08:47:51.266,14,Rodilla_Der,1.085857977148038,22.179406610697747,192.70804752790175,-57.936492644350665,-17.530159225261375,-15.187425628757717,-76.62177626476355,-28.692886388413356,-31.48305029735758,11
2025-05-21 08:47:51.266,15,Tobillo_Izq,72.44924257798185,68.87648589340455,196.51990137078755,-1.9670897020013687,-4.792833077645373,-4.450777701040558,7.713978679731717,-7.91926249167542,-15.031608298364425,0
2025-05-21 08:47:51.267,16,Tobillo_Der,5.915283712668824,53.54699764081962,193.93834544640882,-75.54125242364756,-13.788808637143209,-7.90744321320207,-91.85397368474551,-26.671147148125158,-23.36911156948939,100
2025-05-21 08:47:51.417,7,Codo_Izq,-38.642668903276274,-22.63002910327741,185.11277926546668,-82.20379079328605,13.466422637278738,-11.883779205904737,-136.9742313265655,11.932611766317521,-25.503049280035555,100
2025-05-21 08:47:51.418,8,Codo_Der,-29.564640491187905,-17.781576211866856,188.04288628816778,-43.11428708719537,8.5956469315459,-42.09273400168828,-44.33859937742279,7.6757620840901915,-77.27446340284152,100
2025-05-21 08:47:51.419,13,Rodilla_Izq,-37.76854196354167,30.671750640453062,191.0386556195465,-92.31610361568198,4.796675984414302,-6.026678800566566,-144.63419242805784,-0.9134828275164644,-16.345024058442753,100
2025-05-21 08:47:51.420,14,Rodilla_Der,-29.371886475404622,30.928526101392524,190.81671151754847,-79.21623642218249,2.0219042343178644,-12.812690237816934,-118.1598281558878,-4.9186275286675105,-29.81754450139248,100
2025-05-21 08:47:51.421,15,Tobillo_Izq,72.23757179409645,68.04284972601042,195.6543986910312,-0.5439293089813567,-4.210185260233747,-4.7388095729429445,7.713978679731717,-7.91926249167542,-15.031608298364425,0
2025-05-21 08:47:51.422,16,Tobillo_Der,-27.405395213672534,66.10881800474178,206.42352162427,-93.1335473438532,9.594106383300364,12.558877036883262,-133.3214237155556,3.5750594910951,4.814651599580337,100
2025-05-21 08:47:51.565,7,Codo_Izq,-48.25055185967764,-8.785592404156981,183.32225737280606,-65.7562351122,27.972344537875134,-10.596654396356204,-128.8258546434379,35.63925680264515,-25.01121489036296,100
2025-05-21 08:47:51.566,13,Rodilla_Izq,-60.457299451313744,39.71122938226382,191.0391461237343,-90.61189232252246,15.57855395533267,-4.330301259479144,-159.74468452942153,15.950910831655701,-14.183385760703818,100
2025-05-21 08:47:51.567,14,Rodilla_Der,-48.660806750232226,38.05838659042962,191.08821168088738,-76.96826631517311,11.072234537095271,-8.37633286534852,-130.89293169280745,9.001840359397155,-24.783877261810698,100
2025-05-21 08:47:51.568,15,Tobillo_Izq,72.24138859196059,67.33450004533984,194.7903556190665,0.41692301334246146,-3.76603083889021,-4.871528794238689,7.713978679731717,-7.91926249167542,-15.031608298364425,0
2025-05-21 08:47:51.569,16,Tobillo_Der,-44.303800248782096,73.23160761389957,215.43934732703346,-81.46872590400147,15.452095304216837,19.78404175197109,-136.7297351631114,15.031887196312034,19.186066588945323,100
2025-05-21 08:47:51.719,7,Codo_Izq,-52.976104602598,-7.194199986661793,182.96252951922568,-49.643795852909896,18.763752251617515,-7.790413011781622,-114.67315184773928,29.233625688428408,-21.812567939627893,100
2025-05-21 08:47:51.720,8,Codo_Der,-38.16813871707686,-13.260836544729818,203.31612395920644,-37.066138379648415,11.442082313827887,-4.18142475287382,-47.20531702171301,13.982302989752615,-31.093349592223383,100
2025-05-21 08:47:51.721,13,Rodilla_Izq,-71.30818042782731,43.83722514751126,192.31394908507312,-73.22012028176174,14.890898286622892,-1.4384572459755336,-149.47361085033208,19.048674154047266,-9.896534304915008,100
2025-05-21 08:47:51.722,14,Rodilla_Der,-58.59145314216261,42.62644624372469,197.1008419618778,-62.81670536381603,12.792206430084553,2.7055272104432593,-123.73201104061405,14.57737823112341,-9.362388975203443,100
2025-05-21 08:47:51.723,15,Tobillo_Izq,72.39799455382794,66.65774617369388,193.85774559972853,1.1265292279746135,-3.493117229313493,-5.0365498512691795,7.713978679731717,-7.91926249167542,-15.031608298364425,0
2025-05-21 08:47:51.724,16,Tobillo_Der,-52.5638807328551,78.0230232601762,220.8396424707083,-62.99423253991298,15.732682927123031,19.05123379355491,-124.62832265158168,19.541118866468633,23.47144721419847,100
2025-05-21 08:47:51.865,7,Codo_Izq,-56.18188537229127,-11.981610034930839,182.88976718799617,-38.67653382617764,4.5098223336221945,-5.760137245908085,-104.03654814523918,13.303976574625283,-19.185229767357026,100
2025-05-21 08:47:51.866,13,Rodilla_Izq,-71.12360042866463,42.24303912164511,192.70603892731287,-48.06825632496568,6.490621045876413,-0.9677605767419525,-124.20710251222546,10.985405790333925,-8.459537566866608,100
2025-05-21 08:47:51.867,14,Rodilla_Der,-58.20071266615806,43.06635820283217,206.40443478151144,-40.50618472037158,8.104480623400239,14.297142727855334,-101.67930130276783,11.372601314854826,8.97854220357897,100
2025-05-21 08:47:51.868,15,Tobillo_Izq,72.64333897765151,66.06612365464618,192.9665196552631,1.5737132493565933,-3.251219010298228,-5.055529346627273,7.713978679731717,-7.91926249167542,-15.031608298364425,0
2025-05-21 08:47:51.869,16,Tobillo_Der,-52.853281734580435,75.3866247213543,211.73133119036243,-41.67772664843034,5.395748772821598,-2.252825985027443,-103.88849048597395,9.09637210275432,-1.2157192009472162,100
2025-05-21 08:47:52.020,7,Codo_Izq,-59.265256021713384,-15.832395384398186,183.54838735335778,-32.18156997306397,-2.3945770598573337,-3.4670963225002915,-95.55143112824445,3.694113723956434,-15.550035762375883,100
2025-05-21 08:47:52.021,13,Rodilla_Izq,-66.36299110899486,41.62077589655795,192.50167719613313,-26.77230158974927,3.121168373406583,-1.5249509690037208,-96.2516934922152,7.394291957474768,-8.363362529649597,99
2025-05-21 08:47:52.022,14,Rodilla_Der,-55.110017317372204,43.12483683084171,212.24409270247762,-23.657607652560557,4.925639070186847,16.20491105678244,-80.07438548082338,8.650879185904646,16.15475694934484,0
2025-05-21 08:47:52.023,15,Tobillo_Izq,72.97976892028282,65.46731297468267,192.00277152480137,1.9382543946231594,-3.1347734294895546,-5.169192918148166,7.713978679731717,-7.91926249167542,-15.031608298364425,0
2025-05-21 08:47:52.024,16,Tobillo_Der,-50.166210639884646,72.98789799227715,203.73079805446946,-25.00778533038431,-0.2029779371734987,-13.051505396547745,-82.68267180677634,2.27258127342804,-16.79985166660113,100
2025-05-21 08:47:52.171,7,Codo_Izq,-61.59707178726128,-17.93364275558771,184.24130006340286,-27.25736876710983,-3.9308585770597744,-2.001566264541253,-88.1737180533576,0.05983353232117672,-12.707233143347324,100
2025-05-21 08:47:52.172,13,Rodilla_Izq,-61.553374097545394,40.56385724612939,191.707252680017,-14.143856067013244,0.5725392742679775,-2.647448908723912,-75.95740100793151,4.105230787682231,-9.31957709355525,0
2025-05-21 08:47:52.173,14,Rodilla_Der,-51.28924296562211,42.840020619854876,216.0828220440187,-12.693607849939214,2.6889372268108933,14.843711447669415,-63.13254961399169,6.351674212564124,18.61781833808834,0
2025-05-21 08:47:52.174,15,Tobillo_Izq,73.36039723526275,64.90366651075031,191.05083471737132,2.172160740064921,-3.0314229656964393,-5.207305497862453,7.713978679731717,-7.91926249167542,-15.031608298364425,0
2025-05-21 08:47:52.175,16,Tobillo_Der,-49.11854132198561,74.75763345286305,209.53251689414913,-17.684409596240506,2.732428385322102,0.9112151255680021,-70.92058693334567,5.891981728565366,-0.5555389179547205,100
