Timestamp,Keypoint_ID,Keypoint_Nombre,X_cm,Y_cm,Z_cm,V_x, V_y, V_z, A_x, A_y,A_z,Probability %
2025-05-19 19:02:20.843,7,Codo_Izq,57.12999813661519,-29.12065545614573,118.1745843529915,-0.026318816593534217,0.13129895910040357,0.15646880764170212,-0.004671217059815508,0.0233037049939586,0.02777099650310536,0
2025-05-19 19:02:20.846,8,Codo_Der,12.26936605346063,-32.61237725750423,118.69988652774343,0.10747543574377377,0.19392791127971581,0.0434621760186248,0.019075367130327533,0.03441945667749915,0.007713920470298849,0
2025-05-19 19:02:20.847,13,Rodilla_Izq,38.727815137360025,26.035715606508784,124.90031170591136,0.001345866044962904,-0.09629209367782406,-0.11300455913363863,0.00023887215472300676,-0.017090482359442716,-0.020056708195294218,0
2025-05-19 19:02:20.851,14,Rodilla_Der,18.955848739114757,26.045799795933828,124.95009730205433,0.06726372031901755,0.02900440136355687,-0.03477015531278758,0.01193835736284756,0.005147870307074066,-0.006171209943741538,0
2025-05-19 19:02:21.031,7,Codo_Izq,56.94732888939308,-29.12605834597691,118.20006219957266,-0.6918900944354948,-0.020416697111610135,0.09655669246413497,-0.3070922474960809,-0.028558954754044862,0.020300402512774665,0
2025-05-19 19:02:21.033,8,Codo_Der,12.511851180614908,-32.53746580454966,119.14423370014819,0.9184788354254149,0.2838056254285059,1.683031254667413,0.3969545955071122,0.0989317102233413,0.750040595678394,0
2025-05-19 19:02:21.035,13,Rodilla_Izq,38.6669166255283,26.54527544819699,125.36852414385439,-0.2306595712161647,1.9299812603547875,1.7733672258046562,-0.10387110499409002,0.8816655637825819,0.8137408067049372,0
2025-05-19 19:02:21.036,14,Rodilla_Der,18.783949091004956,26.298078230380764,125.17198561556458,-0.6510652514476292,0.9555437961086062,0.8404147425171533,-0.302557806383187,0.4251977938109697,0.38286624906927,0
2025-05-19 19:02:21.217,7,Codo_Izq,56.83379891824493,-29.770603670529972,118.00403042045868,-0.45609893825119513,-2.143732716500545,-0.6414458565429237,-0.1201622757667282,-5.852445219341,-1.9295061597227061,0
2025-05-19 19:02:21.218,8,Codo_Der,12.36981288936061,-32.90457039141919,119.27629685933597,-0.367275970039342,-1.1883321788402785,0.6312560008418671,-2.512420694154079,-3.7363633714883497,-1.0159160538270984,0
2025-05-19 19:02:21.220,13,Rodilla_Izq,38.52407432945314,26.444481673245285,125.56940176312764,-0.5007558885447904,-0.11200290073644771,0.8717832017880559,-0.99637087091365,-3.441195087897398,-0.48921987623469,0
2025-05-19 19:02:21.221,14,Rodilla_Der,18.95718169664126,26.14852489754407,125.23812614698738,0.4996740042725522,-0.387127871251071,0.3164703380403118,2.4230130377171335,-2.6197298498568693,-0.4984933023895226,0
2025-05-19 19:02:21.390,7,Codo_Izq,56.93767132508368,-29.46560807004858,118.19392386926715,0.3205158355103504,0.4970200860714553,0.48643953342227625,2.0051435347362627,2.935256319331387,1.8669654685713533,0
2025-05-19 19:02:21.391,8,Codo_Der,12.128691059664735,-32.768699190468084,119.07520477835912,-1.0581114184479445,0.12429500757226827,-0.7273443009187827,-4.127215052094604,0.8370941371022869,-4.414591195820213,0
2025-05-19 19:02:21.394,13,Rodilla_Izq,38.75589465106231,26.612273897758286,125.83004551729435,0.7108691158109439,0.3513866129022513,0.9672019786049456,2.8426062846831837,-0.6933078426210222,0.8624004329736215,0
2025-05-19 19:02:21.395,14,Rodilla_Der,18.83127722840269,26.272684107150138,125.23378518412376,-0.2382667559676633,0.22850693721512025,-0.021717355635066347,-0.4388939991573224,0.031862295946372576,-1.092753565253124,0
2025-05-19 19:02:21.547,7,Codo_Izq,57.44946877399566,-29.654986394391237,118.23756360228369,1.8852721822117944,-0.3304259426807075,0.3621578502587284,6.1697176412406485,0.04366106372329703,1.3373917375041429,0
2025-05-19 19:02:21.548,8,Codo_Der,11.887078508772563,-32.97490974662445,118.79933730156054,-1.2761022673324203,-0.599367708191575,-1.3484271645072332,-4.365720058519079,-1.4122438465515095,-5.4402038591703015,0
2025-05-19 19:02:21.550,13,Rodilla_Izq,38.7726303438465,25.819310304117526,125.14219736938966,0.38203155676098094,-2.5987577806399655,-2.0317281942165266,1.606957716505932,-8.695560061361357,-7.240315826330749,0
2025-05-19 19:02:21.551,14,Rodilla_Der,18.980823854258073,26.000474289489357,125.36625160715678,0.41920117186891037,-0.8536844837020425,0.35724788669679974,1.3939983093990183,-2.907976596963169,0.33033392913984594,0
2025-05-19 19:02:21.703,7,Codo_Izq,57.50498362002969,-30.123875542845052,118.0305526531513,1.082953549519492,-1.4366234764025665,-0.4112786197756116,3.902271009216078,-2.9633929969129844,-0.6785631160677821,0
2025-05-19 19:02:21.705,8,Codo_Der,11.977944788420974,-33.18941721638044,118.69902101301392,-0.3749814460084459,-0.8738938747526235,-1.0262467036156553,-1.8896093486608487,-2.156886322236869,-4.164212634445162,0
2025-05-19 19:02:21.706,13,Rodilla_Izq,38.76752319723984,26.15251076470548,125.42636016754994,0.1984869182093731,-0.3200035887280084,-0.2143696218466996,0.9983033057465095,-2.60369951228477,-2.2683510959109663,0
2025-05-19 19:02:21.707,14,Rodilla_Der,19.375804157585605,26.257549368231462,125.52235168688661,1.3509012552945563,0.3187050782117222,0.5648207717967122,3.6423384142613733,0.16038532547237505,1.0225599896000288,0
2025-05-19 19:02:21.848,7,Codo_Izq,57.40959305637405,-29.95175477938833,117.77541632954176,0.39897733603063856,-0.24757494479200734,-0.8426133244850034,2.254577415683227,-0.6508223826397401,-1.741534014748126,0
2025-05-19 19:02:21.849,8,Codo_Der,12.034799706621355,-33.414593219750955,118.75217387486296,-0.11672207232729578,-1.0268447164519368,-0.5086507576362791,-1.153225343317866,-2.5878601191647856,-2.785232716968731,0
2025-05-19 19:02:21.850,13,Rodilla_Izq,38.711732336222425,25.97312306413261,125.39193910163279,-0.004566295617353988,-0.7603890440594524,-0.32734105491061727,0.463858271406938,-3.2010803435508657,-2.1546327743755858,0
2025-05-19 19:02:21.851,14,Rodilla_Der,19.437298647099453,26.116219505554337,125.12191886442109,0.8717817555262803,-0.24772927135693631,-0.7706291925577267,2.6758069141487955,-0.9045687622603009,-1.7530451215839826,0
2025-05-19 19:02:21.991,7,Codo_Izq,57.47297646838927,-29.58556391498512,117.64552949435715,0.46623111156910796,0.7061536260714032,-0.7439559335812541,2.177218994108405,1.1936735343305434,-1.700754921168678,0
2025-05-19 19:02:21.993,8,Codo_Der,11.884327233536373,-33.23883020930097,118.34934448353746,-0.4794347490235695,-0.16953716230492014,-1.3325084184043778,-1.7034063631253487,-1.007953965959882,-4.144992378371116,0
2025-05-19 19:02:21.994,13,Rodilla_Izq,38.68775468055268,25.89766344899233,125.37438963851022,-0.02159096445340014,-0.6996805198206609,-0.32618650409236155,0.3369496430579084,-2.899894115007101,-1.9213861274809005,0
2025-05-19 19:02:21.995,14,Rodilla_Der,19.310584991145426,25.92206213155448,124.99775140611486,0.23270078874451114,-0.6096274619244181,-0.7051254966591912,1.4138439645251364,-1.5786645077870356,-1.732571441231513,0
2025-05-19 19:02:22.133,7,Codo_Izq,57.74672236312077,-29.479313423800562,117.85391304417485,0.9326774061241002,0.6002642192366089,0.00588936199437442,2.867666901101676,1.171244218501113,-0.4689852959260039,0
2025-05-19 19:02:22.134,8,Codo_Der,11.700190448220747,-33.16893188018742,118.26386562726879,-0.7126718794015965,-9.393462247646588e-05,-1.0390745797845073,-2.0713167732221214,-0.6206330177610955,-3.6038936821876533,0
2025-05-19 19:02:22.135,13,Rodilla_Izq,38.48839269292435,26.050951447970434,125.60158080543249,-0.4011512769166517,-0.18585063119717452,0.19598435601931358,-0.4058616996040342,-1.8514983979556137,-0.8320051443253498,0
2025-05-19 19:02:22.136,14,Rodilla_Der,19.224262135928097,25.814728359548184,124.84552566721078,0.022707545359693285,-0.5938696078253942,-0.7385833008845917,0.9168563001065745,-1.5968074465968354,-1.8615017929310325,0
2025-05-19 19:02:22.277,7,Codo_Izq,57.80518406011539,-29.287297982083313,117.82011209940882,0.738533943636781,0.7184602167089451,-0.10052991795367225,2.5368510965804942,1.4650835985589672,-0.5625606197969185,0
2025-05-19 19:02:22.279,8,Codo_Der,11.73608528971419,-33.14305595794282,118.26993478849126,-0.3993469541247997,-0.0002734835068020094,-0.7185728144694081,-1.5694204300123713,-0.5191710481206717,-2.9984552581924664,0
2025-05-19 19:02:22.280,13,Rodilla_Izq,38.319979279728315,25.832859212393494,125.47417478896742,-0.526989315656514,-0.6484488708496094,-0.22990342267156208,-0.7403754268838572,-2.39231271070111,-1.2936068775484508,0
2025-05-19 19:02:22.281,14,Rodilla_Der,19.276316925026766,25.60793941393477,124.58864779647635,0.18396685992009057,-0.7785941764635351,-0.9576953062953181,1.040292211347831,-1.9261070133640872,-2.274139909114352,0
2025-05-19 19:02:22.415,7,Codo_Izq,57.65512175079773,-29.504898085915983,117.68788125662158,0.2652382192707612,0.0493816617407239,-0.3280136468404998,1.7759315298942013,0.5540928343807596,-0.8734895440187131,0
2025-05-19 19:02:22.416,8,Codo_Der,11.78147299538268,-33.06504215998207,118.44173769036688,-0.2234759397053281,0.09889607210631858,-0.2538601266819949,-1.251192028587788,-0.29065673953555093,-2.1731414965552704,0
2025-05-19 19:02:22.417,13,Rodilla_Izq,38.29311707257164,25.906356932979502,125.17410940286415,-0.3450648345475519,-0.35081520646169956,-0.7465016953665703,-0.5942629971381865,-1.8802435450732577,-1.9980601846091828,0
2025-05-19 19:02:22.418,14,Rodilla_Der,19.34813247992507,25.56778601600776,124.73848621447847,0.2950069460358801,-0.5768897375904813,-0.3436327282059477,1.1405883282490654,-1.6896196413222686,-1.4373350736312256,0
2025-05-19 19:02:22.562,7,Codo_Izq,57.811841923162724,-29.657077540728856,117.68214687792015,0.5352680177686049,-0.18880037175487252,-0.23156659464480453,2.0195566117703865,0.14602114382441173,-0.7457820286106925,0
2025-05-19 19:02:22.563,8,Codo_Der,11.927692380297788,-33.051177400599606,118.63762825169827,0.04124034882835628,0.043608366512068925,0.03385462975229437,-0.7763415114325753,-0.2845179349799199,-1.5402747767314644,0
2025-05-19 19:02:22.564,13,Rodilla_Izq,38.42832515470811,26.276467825614557,125.45717865661565,0.023144568302484073,0.3100336507037199,-0.026068989628330194,-0.12001616457601899,-0.7901751524637959,-0.9764719886502453,0
2025-05-19 19:02:22.565,14,Rodilla_Der,19.40151124415721,25.916772515228256,124.92009910927722,0.3199503540654405,0.18825493904570142,0.03124872290827962,1.1353008892377954,-0.5749327788001724,-0.826736380755876,0
2025-05-19 19:02:22.706,7,Codo_Izq,57.797671595347595,-29.53454035944102,117.68538217201656,0.39663878188200685,0.12232603188665225,-0.1655533938083346,1.7640708058442016,0.48429477661366493,-0.6448777115787231,0
2025-05-19 19:02:22.707,8,Codo_Der,11.916813445071151,-32.86866324597857,118.8498485651486,-0.06342660501097362,0.29195600619732875,0.2301836698178852,-0.7964200003304812,0.1246178643520029,-1.030530886310003,0
2025-05-19 19:02:22.708,13,Rodilla_Izq,38.322226724620066,26.210551397100396,125.36777141533939,-0.17097976836791368,-0.028014123187076818,-0.2387841881292483,-0.3670356438563479,-1.0237545420269263,-1.149064472643328,0
2025-05-19 19:02:22.709,14,Rodilla_Der,19.482042002120686,25.830537416904786,124.67032099215538,0.37512158613411406,-0.09978530401465774,-0.45901741018606584,1.1874967109477739,-0.8200351434306263,-1.3878315944077417,0
2025-05-19 19:02:22.847,7,Codo_Izq,57.5334995790626,-29.729568591273885,117.58921463484064,-0.07827327977820066,-0.20734692656983073,-0.2837752859786039,1.0287493638440903,0.011386789982018253,-0.789713946682286,0
2025-05-19 19:02:22.848,8,Codo_Der,11.89181894046989,-32.831896538559896,118.83540029491166,-0.13570816965078816,0.20791242932703943,0.0020696238404545805,-0.8142332881057056,0.11249148861057419,-1.1103642467897017,0
2025-05-19 19:02:22.849,13,Rodilla_Izq,38.38112585922001,26.273861063934493,125.36205970489166,-0.01991068471491001,0.0010012269770054926,-0.21870734825930685,-0.1783399484570461,-0.8551209926598656,-1.0634676713700655,0
2025-05-19 19:02:22.850,14,Rodilla_Der,19.246203464578848,25.92918022017194,124.7740826528315,-0.09195267044641244,0.03898780107474298,-0.17218194156838965,0.5329553681852885,-0.556801314736473,-0.9910084954119225,0
2025-05-19 19:02:22.984,7,Codo_Izq,57.20270950000958,-29.95673496417821,117.58317077456087,-0.4638642352234478,-0.4503450301272831,-0.2122413363141573,0.3260392996524547,-0.4117819621090251,-0.7029011287241171,0
2025-05-19 19:02:22.986,8,Codo_Der,11.965904581502016,-32.607281604548824,118.75103403928995,-0.018599941982580293,0.4568490849193798,-0.22021092743807352,-0.5998117425205272,0.52753403139538,-1.2681170514917726,0
2025-05-19 19:02:22.987,13,Rodilla_Izq,38.382304750674336,26.280756660435458,125.23696523240592,-0.022505504152603367,-0.059037759462438825,-0.386639760355053,-0.16632949895868995,-0.823305803455122,-1.2439108628861353,0
2025-05-19 19:02:22.988,14,Rodilla_Der,19.06924220242247,25.8432681932026,124.64667045541395,-0.273953957393009,-0.15920704118020618,-0.36162324305122406,0.17213816221025235,-0.7399997756891777,-1.1915731606836355,0
2025-05-19 19:02:23.127,7,Codo_Izq,57.20164598910668,-29.856212535356487,117.79230184943037,-0.19761859557516656,-0.09816883912725002,0.15791734650533393,0.45669505543769856,-0.054726943224206626,-0.18197936576199059,0
2025-05-19 19:02:23.129,8,Codo_Der,11.920109757318674,-32.4867357452675,118.74008187246669,-0.12953924258180025,0.4488040784128627,-0.22984691068848825,-0.6780173766478244,0.632999688727183,-1.1975124972229365,0
2025-05-19 19:02:23.130,13,Rodilla_Izq,38.46956207638718,26.2693829110197,125.11084827876856,0.10842645265540682,-0.11529679352731494,-0.4839369168936733,0.028360554871299154,-0.8117900453242493,-1.36689387690642,0
2025-05-19 19:02:23.131,14,Rodilla_Der,18.97624137153221,25.799787830447016,124.64015662775232,-0.25955567945410324,-0.2055826093543508,-0.28474473434315234,0.05461759011131066,-0.7678829418198124,-1.0705848547493082,0
2025-05-19 19:02:24.453,7,Codo_Izq,57.58077361850525,-31.393224670954787,123.23114668822912,0.4657164199981306,-1.1408032676393098,3.9925512066224247,0.592867593972751,-0.8265250891480678,2.879315705294733,0
2025-05-19 19:02:24.455,8,Codo_Der,11.944835044807068,-31.670650547448965,114.01490559014415,-0.12433352745987744,0.64959811462864,-3.80374054675175,-0.2279112099587146,0.44252410329482184,-3.1105390819003573,0
2025-05-19 19:02:24.455,13,Rodilla_Izq,38.760582000205446,26.31848291718989,126.29422107066218,0.19417187440228606,-0.14601359703692507,0.6674149552337277,0.09784931809013032,-0.29177784915267413,0.3521729786408698,0
2025-05-19 19:02:24.457,14,Rodilla_Der,18.819054756972637,26.116360289614725,125.39466643277959,-0.026565566933143648,0.0935478101723737,0.365238542302177,0.13353831836649063,-0.04986693146291765,0.1069317150757938,0
2025-05-19 19:02:24.589,7,Codo_Izq,57.66764724786529,-31.149191426214486,123.16722493808251,0.39761372289315633,-0.5360098636455243,2.53790812557761,0.6057261868920466,-0.5409695526959264,2.435384508593489,0
2025-05-19 19:02:24.590,8,Codo_Der,11.914046266094646,-31.94672851080437,114.45033939072718,-0.11859762401640907,0.18768038302345166,-2.1355726558520627,-0.23623332249712692,0.18372705935806105,-2.4219811794047175,0
2025-05-19 19:02:24.591,13,Rodilla_Izq,38.65294379061611,26.08090889219115,126.38050245507715,0.0320191590791957,-0.3104283825703478,0.4943740842184328,0.003061557145792093,-0.4429642020721417,0.34695196926064903,0
2025-05-19 19:02:24.592,14,Rodilla_Der,18.91858009176477,25.63137076671923,125.30424684549214,0.07959929991175296,-0.3565555898204056,0.14754627351689498,0.20516007659429275,-0.39934081043502156,0.007888543552145452,0
2025-05-19 19:02:24.724,7,Codo_Izq,57.680675973035484,-30.428240969155564,122.8973156317827,0.28890692417189745,0.3802794802443158,1.3650693758160435,0.561511538189347,0.22174472099295828,1.828374523220019,0
2025-05-19 19:02:24.725,8,Codo_Der,11.93462294820837,-32.06172261535352,114.94844365036106,-0.06620217646259702,0.005234468587378324,-0.9066960558846995,-0.19919006779221715,0.04801847367714254,-1.6490686684155795,0
2025-05-19 19:02:24.726,13,Rodilla_Izq,38.77118086645856,25.961702629737434,126.31242861478088,0.1377677252760366,-0.3331694372501643,0.23936430006410966,0.11185238865183697,-0.5128689000660889,0.21501809169917896,0
2025-05-19 19:02:24.727,14,Rodilla_Der,18.855525734779004,25.71002380111529,125.20972702290518,-0.0013420994670922406,-0.15550963333778736,-0.011709068741325589,0.13284687141171822,-0.27464818569085087,-0.10153930211876912,0
2025-05-19 19:02:24.876,7,Codo_Izq,57.70742414156055,-29.993636138397697,122.37188147773969,0.23364919420665176,0.7386962139726282,0.24632672771727113,0.5321353937228338,0.6907452380902916,0.8850395270363065,0
2025-05-19 19:02:24.877,8,Codo_Der,11.907647260483047,-32.34036529656766,115.71248600667198,-0.08504290980258558,-0.3269571403114516,0.2939295722238273,-0.21755493575538337,-0.302656972004523,-0.4964193746626553,0
2025-05-19 19:02:24.878,13,Rodilla_Izq,38.631871208653386,25.966094686415055,126.17600524422599,-0.08529940185867017,-0.21476741495045154,-0.019653314240279426,-0.09037276221081597,-0.43679215253316944,-0.00434863590638887,0
2025-05-19 19:02:24.879,14,Rodilla_Der,18.845241493425654,25.800375321905204,125.33481335843986,-0.0007684170059734821,0.00237799063054272,0.13454322823754808,0.11831199209364449,-0.12803683007743866,0.05880826748955646,0
2025-05-19 19:02:25.020,7,Codo_Izq,57.58247789548893,-29.608557223034197,121.87803190001868,0.0006004240916877068,0.9452010020484644,-0.4491102201359547,0.28972955738521755,1.0921302537238573,0.08948832992419387,0
2025-05-19 19:02:25.021,8,Codo_Der,11.915498568133119,-32.42244924091649,116.48711009673045,-0.05195710631469977,-0.30147317741001833,1.1291173056971837,-0.1845527230174784,-0.3498144654921366,0.5932041740742957,0
2025-05-19 19:02:25.022,13,Rodilla_Izq,38.665002876193334,25.915704775046866,126.20647331646494,-0.007651437054093543,-0.21408606303946076,0.02980889897502143,-0.021908660592591098,-0.458916801134016,0.0449117874205157,0
2025-05-19 19:02:25.023,14,Rodilla_Der,18.858899420180094,25.801325573665665,125.54787691510441,0.02793260784160233,-0.008677444660680439,0.3549645966478787,0.13684613267093498,-0.12518079412169134,0.3441139306766807,0
2025-05-19 19:02:25.159,7,Codo_Izq,57.62552501779621,-29.39690942005175,121.63416231993443,0.08454567389685931,0.8643100377134086,-0.5586629398006302,0.35574039206394226,1.2055720657904032,-0.20985796276864804,0
2025-05-19 19:02:25.161,8,Codo_Der,11.832060406297808,-32.45117486520443,116.94556022886975,-0.15781774838785004,-0.22188605524217445,1.2584283808165053,-0.30688202838041434,-0.32219487970978944,1.0783009796788197,0
2025-05-19 19:02:25.162,13,Rodilla_Izq,38.56200561985184,25.95494105273328,126.1078255341746,-0.14890126268522655,-0.09239049388268414,-0.11827915881304009,-0.18919193042016913,-0.3378484102588605,-0.12489508778178528,0
2025-05-19 19:02:25.163,14,Rodilla_Der,18.791894131461863,26.00492003516459,125.78633885226793,-0.06749727849664652,0.26810468310793867,0.5400373813894198,0.01803563464842517,0.21365807948391,0.6492368913930675,0
2025-05-19 19:02:25.304,7,Codo_Izq,57.71636411734213,-29.493399882817336,121.60675840750845,0.2023935367310199,0.39177477954576045,-0.33245500506656556,0.48859572162559084,0.7891427837156144,-0.11070871753854102,0
2025-05-19 19:02:25.306,8,Codo_Der,11.837475227318173,-32.48016381726435,116.97543613838589,-0.09650289185947049,-0.17860846063749353,0.7556702486033894,-0.2508904750305439,-0.3104969431818488,0.787095399249488,0
2025-05-19 19:02:25.307,13,Rodilla_Izq,38.55704188372317,25.78099637775918,125.94788164014038,-0.09678588319295454,-0.3236374613296325,-0.29793143211807616,-0.15612131484083602,-0.6165626785808733,-0.3760629806891626,0
2025-05-19 19:02:25.307,14,Rodilla_Der,18.884378636471467,25.890898466725798,125.61430574712405,0.10067415664842129,-0.012676093717708475,0.0758795436047856,0.19927882380029477,-0.06181577082493886,0.19259758056070442,0
2025-05-19 19:02:25.454,7,Codo_Izq,57.822370695960046,-29.564870708541275,121.50665185500108,0.29486822731963863,0.15517798194424723,-0.31567176211329667,0.6201649011899918,0.5290926990407021,-0.20272347082183917,0
2025-05-19 19:02:25.455,8,Codo_Der,11.829612038433142,-32.447373648975116,116.78496073560943,-0.0802037821856415,-0.06608641095362347,0.15788861160880407,-0.23333511728458906,-0.19258556254559717,0.20237280129553492,0
2025-05-19 19:02:25.456,13,Rodilla_Izq,38.371180111750554,25.66699329011034,125.86469046967056,-0.33042644870462323,-0.37633804386007164,-0.29791209423599857,-0.473740043947403,-0.7264720466125071,-0.44051767763792804,0
2025-05-19 19:02:25.457,14,Rodilla_Der,18.956873261546324,25.808577426977504,125.51036968672324,0.17150272290331398,-0.13112509480335127,-0.0972516065225289,0.30264636205264567,-0.21110219055250817,-0.027284881175976994,0
2025-05-19 19:02:25.582,7,Codo_Izq,57.8556856287012,-29.70150817654313,121.40128785839673,0.2479149353275709,-0.08000753445860474,-0.3317242120585136,0.6009695243925808,0.2149943368172097,-0.3255946605892469,0
2025-05-19 19:02:25.583,8,Codo_Der,11.82317721715205,-32.49517066915597,116.58899560202391,-0.0686215726955781,-0.11894295960916754,-0.19119934059734003,-0.2219429416644353,-0.26608068833060394,-0.22283388712849234,0
2025-05-19 19:02:25.584,13,Rodilla_Izq,38.496527931492125,25.482036408317626,125.67671516505828,-0.0217641181449761,-0.5204097794102065,-0.4624661846784717,-0.13850189402986368,-0.980854395906491,-0.7251365416710158,0
2025-05-19 19:02:25.585,14,Rodilla_Der,19.00428378327532,25.76375175094214,125.47607707398213,0.18081191923191928,-0.14924914705990872,-0.10214215663560447,0.34710293352149957,-0.26215097601416687,-0.06928247693851719,0
2025-05-19 19:02:25.723,7,Codo_Izq,57.92150700416615,-29.728463843013483,121.44280373160878,0.2700045871132106,-0.06149555438285206,-0.1282028580728728,0.6520468561221971,0.17872941565957126,-0.1402067391242959,0
2025-05-19 19:02:25.725,8,Codo_Der,11.904453358300009,-32.42467626827976,116.40596898025743,0.06888641252746835,0.024425661671064535,-0.38523226374593655,-0.0328177106468274,-0.08363962160096178,-0.5357649693892763,0
2025-05-19 19:02:25.726,13,Rodilla_Izq,38.63468033715022,25.65137422860237,126.01635605700037,0.18361827360304464,-0.08509674019065597,0.21849370711099042,0.15116303041010837,-0.46889692554251816,0.11121681873642852,0
2025-05-19 19:02:25.727,14,Rodilla_Der,19.013336683614117,25.7105443008033,125.32954590199388,0.13125872097223892,-0.1744645651899104,-0.2742959534521288,0.3070346476479815,-0.3224869491285008,-0.3365097440073143,0
2025-05-19 19:02:25.729,15,Tobillo_Izq,36.269129683999495,55.43803436458012,138.57447871728974,-0.017205403827568785,0.08631548593516677,0.10446076082199968,-0.0017068809790388494,0.008563022560572472,0.010363144480067279,0
2025-05-19 19:02:25.863,7,Codo_Izq,57.980991258454424,-29.8475050837186,121.5288346972568,0.2759619863189121,-0.1945273851661529,0.05513347454557352,0.6842153614803167,-0.0555401512259123,0.07968159955325524,0
2025-05-19 19:02:25.864,8,Codo_Der,11.966292965176883,-32.48053406938972,116.34836030099585,0.12412854246208124,-0.07910757229221559,-0.31989562658230225,0.07688303541390702,-0.2056946753973856,-0.5327765777808838,0
2025-05-19 19:02:25.865,13,Rodilla_Izq,38.52740333560527,25.45286176929267,125.60718059157895,-0.05908454798453952,-0.3795723028257868,-0.4999641575598929,-0.12947505331412057,-0.8490297620888851,-0.8091624483835628,0
2025-05-19 19:02:25.866,14,Rodilla_Der,19.110998978370763,25.582619951381158,125.235433859549,0.23685299471705637,-0.3048646052125512,-0.3039922312203385,0.4664191475414031,-0.5321434440882844,-0.4461596696879796,0
2025-05-19 19:02:26.011,7,Codo_Izq,57.900689116939965,-29.81888739409399,121.55565978621372,0.06919311871811329,-0.053920430734763804,0.07377083819935747,0.4113723352013324,0.06754859304806272,0.11728836050908853,0
2025-05-19 19:02:26.013,8,Codo_Der,12.021353327091253,-32.563537220476405,116.47683616482608,0.14906519130764104,-0.18123554608869447,-0.003892863466381818,0.15264958868063505,-0.35178958137652716,-0.1476312533173329,0
2025-05-19 19:02:26.014,13,Rodilla_Izq,38.5672673320031,25.766015128981707,126.0389157522605,0.02100473318638303,0.21984561446045167,0.34571686079654684,-0.0234438410676939,-0.04662255236895829,0.2813100670979124,0
2025-05-19 19:02:26.015,14,Rodilla_Der,19.07057047070257,25.695327315265512,125.1564782171907,0.09199516482567587,-0.020577525500024077,-0.30292514938415205,0.2954077032256721,-0.18513475713669275,-0.5073319670808702,0
2025-05-19 19:02:26.144,7,Codo_Izq,57.83613123525889,-29.884729594720373,121.55875729756414,-0.03089419719196049,-0.1215462555527571,0.050806576140403306,0.24617132805005373,-0.059083933473859304,0.1008152969358578,0
2025-05-19 19:02:26.145,8,Codo_Der,12.042358600830601,-32.59023210454397,116.48673127384336,0.11836373092351535,-0.15886876049251294,0.0013628701638900619,0.15244280907225866,-0.3508889937981744,-0.12262341679893732,0
2025-05-19 19:02:26.146,13,Rodilla_Izq,38.490558723558095,25.609659033388933,125.98777360626927,-0.10792533999343686,-0.1316239831101839,0.11703075474495639,-0.19279283946303866,-0.441956011688799,0.06890841078606785,0
2025-05-19 19:02:26.147,14,Rodilla_Der,19.12236107715473,25.759725604672976,125.0360138828679,0.14801900382183547,0.0728656272969674,-0.37435617614880085,0.3744350472138446,-0.03828578068342009,-0.6693382672813072,0
2025-05-19 19:02:26.290,7,Codo_Izq,57.70142350736612,-29.832331149634825,121.57101605678632,-0.19879178598976782,0.016976000863170214,0.05157630512973918,-0.03902669888638019,0.09320605798826125,0.10873704107666214,0
2025-05-19 19:02:26.292,8,Codo_Der,12.080759772012236,-32.68137068407163,116.76863022372284,0.12803292603125968,-0.24487538534371903,0.4198636955845735,0.19394697761716856,-0.48821324076047934,0.48507375928952035,0
2025-05-19 19:02:26.293,13,Rodilla_Izq,38.50566004354616,25.373981491368923,125.83491758586825,-0.044981548546407374,-0.46018085650127577,-0.1714456752001715,-0.12177998456969728,-0.8961173875195276,-0.29787954019341906,0
2025-05-19 19:02:26.294,14,Rodilla_Der,19.189082863402792,25.746874337664934,125.17839438424483,0.20452289242434268,0.011747623561720003,-0.018852388062984903,0.4622140748600325,-0.08801487933807775,-0.22976404059819283,0
2025-05-19 19:02:26.433,7,Codo_Izq,57.72632031417401,-29.555387619554683,121.39703088930676,-0.06143986703751137,0.4379674126347138,-0.2309854654475215,0.07577918595964009,0.6796302457908068,-0.2822719908437623,0
2025-05-19 19:02:26.434,8,Codo_Der,12.136077338448308,-32.73510024124427,117.28599544817797,0.1624790360149831,-0.241295150313265,1.0319543034514962,0.2692884972929871,-0.518157930657435,1.45553441053531,0
2025-05-19 19:02:26.435,13,Rodilla_Izq,38.66268706308944,25.72473582130838,126.20052488837065,0.2072401034923455,0.23654148086074042,0.44906580882972497,0.23115235482842122,0.015403873343654895,0.544502112574103,0
2025-05-19 19:02:26.436,14,Rodilla_Der,19.03230784633848,25.943636076116825,125.31838907634717,-0.10109766847859337,0.29803647564610874,0.18483534787989514,0.05381306084198201,0.33206377182288205,0.0810359219712094,0
2025-05-19 19:02:26.581,7,Codo_Izq,57.59346377717019,-29.197087430228823,120.95301155563698,-0.22454902558316056,0.8117843263774648,-0.8092252770690169,-0.18998961193875083,1.2897224100091502,-1.1498758065374681,0
2025-05-19 19:02:26.583,8,Codo_Der,12.129749778916585,-32.53330193698309,118.17113093464715,0.09097010778170336,0.14709399322832928,1.9622379255126416,0.1981796366704489,0.0006280389499364603,2.98370143991826,0
2025-05-19 19:02:26.584,13,Rodilla_Izq,38.68043576340909,25.806314581005005,126.16433637824682,0.1455108122352523,0.237692032837948,0.20562429671206803,0.19815637751858167,0.11435635985605283,0.3127493005104439,0
2025-05-19 19:02:26.585,14,Rodilla_Der,18.948422269331232,26.104278046095466,125.5675430822073,-0.17085169789890484,0.4146277353047168,0.4735814233700671,-0.09445530697381554,0.572843687212805,0.5522453582435152,0
2025-05-19 19:02:26.720,7,Codo_Izq,57.490553052794155,-28.87995659678074,120.63560983280861,-0.28178469606044115,0.9850815810118453,-0.9727098637605448,-0.33880584363289645,1.6986057305313549,-1.5629469429117393,0
2025-05-19 19:02:26.721,8,Codo_Der,12.068555860838392,-32.61287730446351,119.12096468637198,-0.03197555951663747,-0.04867365868577859,2.64820391099182,0.03714784992127776,-0.21201229568660795,4.364607453314469,0
2025-05-19 19:02:26.722,13,Rodilla_Izq,38.62156844078615,25.9060387555758,125.92198657571923,-0.0017396495684864842,0.27714939462759797,-0.24128641787015312,0.02599453546520933,0.25406509025389146,-0.269755619367654,0
2025-05-19 19:02:26.723,14,Rodilla_Der,18.91133742387633,26.108347911902385,125.78793312471437,-0.14772477217140398,0.25643737150420837,0.6118683392277706,-0.12103802422153596,0.4475589302542702,0.8701286340220848,0
2025-05-19 19:02:26.851,7,Codo_Izq,57.3542227395718,-29.17931859732499,120.09921199594615,-0.37509771729212843,0.17111291490746494,-1.4259195204026758,-0.5448487541558935,0.7513511413493986,-2.4075415778147926,0
2025-05-19 19:02:26.852,8,Codo_Der,11.962199134261368,-32.838595192518675,119.93623848042175,-0.17490140847527424,-0.38450107486726337,2.909161257288477,-0.18183428404941449,-0.6767795573181823,5.283593057015214,0
2025-05-19 19:02:26.853,13,Rodilla_Izq,38.64508941668724,26.00344800591825,125.97552438965597,0.03696664570099259,0.30688154319215644,-0.060496932694900286,0.07626443861131213,0.37980011282405324,-0.08271160323265364,0
2025-05-19 19:02:26.855,14,Rodilla_Der,18.792382110778142,25.99538301955224,125.88709980316104,-0.26443872883718816,-0.008340585423072483,0.5255372820953615,-0.3315636606839726,0.1260063481341286,0.8943953632475344,0
2025-05-19 19:02:26.989,7,Codo_Izq,57.21057452002725,-28.900098698840782,119.64199926202959,-0.44765256179211327,0.5721600295027076,-1.5935355012863466,-0.7310618573232612,1.2854928585180891,-2.9174264978920625,0
2025-05-19 19:02:26.991,8,Codo_Der,11.911042884929078,-33.03489689670345,120.5822372475422,-0.17861050760530087,-0.5435716170288296,2.843266976790963,-0.23611674721590442,-0.9707143790631519,5.699467588954641,0
2025-05-19 19:02:26.992,13,Rodilla_Izq,38.579843041902365,26.269254713041153,126.07626407942938,-0.07540214870536788,0.5874827696311412,0.11762706611526072,-0.07659803775337715,0.8523737708734245,0.153603366458853,0
2025-05-19 19:02:26.993,14,Rodilla_Der,18.772765268452716,26.089015339729592,126.30069898152645,-0.18645916517550631,0.14939975166018993,0.9625301807070271,-0.28833197385996073,0.32724602135304826,1.6092179721292839,0
2025-05-19 19:02:27.125,7,Codo_Izq,57.16826508934511,-28.554003404193104,119.46969561096243,-0.34420358246251653,0.9157468262806209,-1.2840140251214869,-0.6766114986690805,1.8391002799943217,-2.7641392551417163,0
2025-05-19 19:02:27.126,8,Codo_Der,11.884827807003338,-32.96531048757673,120.92898894197623,-0.14713707244061164,-0.2393544062398243,2.391230423467848,-0.23564049841454368,-0.6419034690439618,5.500983360409358,0
2025-05-19 19:02:27.127,13,Rodilla_Izq,38.65679830753332,26.347895799033186,126.21397675269233,0.07460846920375877,0.47847062072246094,0.28128067005486107,0.11310013378425463,0.8329306729220706,0.41326108944216455,0
2025-05-19 19:02:27.129,14,Rodilla_Der,18.76157687190249,26.24012281742003,126.50669085720291,-0.13220251000470534,0.3314868101572618,0.9193337296960613,-0.25208768012158705,0.6030418469296129,1.7396153720667047,0
2025-05-19 19:02:27.252,7,Codo_Izq,57.10529747031328,-28.32529940494531,119.30291192281997,-0.3222750389974097,0.9544269546875248,-1.1159107456600328,-0.7064477568881857,2.0506461534592013,-2.723326212186006,0
2025-05-19 19:02:27.253,8,Codo_Der,11.876066461425685,-32.81903711889267,121.09246052727077,-0.10575419364033592,0.054897832077440256,1.87907876490958,-0.20991069477362115,-0.24693033303993178,5.099283684388537,0
2025-05-19 19:02:27.254,13,Rodilla_Izq,38.63933044607057,26.398882475342948,126.38956289827375,0.019458626080179422,0.3835798709511179,0.4434570728704902,0.052587179935791026,0.7969405144781829,0.7096393494195183,0
2025-05-19 19:02:27.255,14,Rodilla_Der,18.664822164846697,26.33433767886889,126.6203329651437,-0.23472587452995003,0.3582527383552867,0.7717659169130311,-0.42126857426230363,0.7055327989914986,1.7020615276097877,0
2025-05-19 19:02:27.391,7,Codo_Izq,57.137507752540856,-28.41050950893324,119.35731055423086,-0.16501250558259964,0.5009760123884676,-0.6823429404066278,-0.5234687405742688,1.531851846999643,-2.2086315749561547,0
2025-05-19 19:02:27.392,8,Codo_Der,11.882910486650465,-33.02478633983053,121.24930515179996,-0.05809146855383391,-0.3110845940578628,1.574565335439861,-0.15846210884908155,-0.7075681471797051,4.764171820230405,0
2025-05-19 19:02:27.393,13,Rodilla_Izq,38.52926997329152,26.356303356118005,126.18501792039044,-0.1560056152762755,0.1862429959254152,-0.04173041650133885,-0.19470652736580074,0.5708191454337193,0.11359210265338615,0
2025-05-19 19:02:27.394,14,Rodilla_Der,18.571513913303427,26.444911536785245,126.46584830307438,-0.29263769672363726,0.40267842509229174,0.27668637880020513,-0.5448899895292255,0.823382526461238,1.0947889639633148,0
2025-05-19 19:02:27.531,7,Codo_Izq,57.91083047662974,-28.533414392820504,119.5885006794691,1.068300255740214,0.18021560453915192,-0.1572970881943847,1.2238849037143453,1.0782647655853879,-1.4491628498176432,0
2025-05-19 19:02:27.532,8,Codo_Der,11.70927735219706,-33.385852503735876,121.41386454701991,-0.3088182122807014,-0.7656676298059404,1.4110340988048868,-0.5158525279851947,-1.3845891576321163,4.540444131742543,0
2025-05-19 19:02:27.533,13,Rodilla_Izq,38.43410889164464,26.103769780650147,125.9644543471152,-0.23831960147038386,-0.2516139436449865,-0.3506536811973668,-0.35036967502054317,-0.04873883850117944,-0.3569123000003011,0
2025-05-19 19:02:27.534,14,Rodilla_Der,18.79057150785181,26.373639960433554,126.1762137722656,0.1506611261814901,0.15343703362272137,-0.2215431781108553,0.03361538919237417,0.5274996004577368,0.3555470479590057,0
2025-05-19 19:02:27.686,7,Codo_Izq,59.314148521042526,-29.109073779185174,120.52184800158584,2.753030839559537,-0.700717950370756,1.2254938576641115,3.8613052682486186,-0.25091977986257175,0.6531567965597884,0
2025-05-19 19:02:27.687,8,Codo_Der,11.288314210251412,-34.023725778015304,122.56817931012414,-0.8338420277346532,-1.4556226097571572,2.8291217770242425,-1.3070630555191172,-2.4685239541761996,6.4408848147049005,0
2025-05-19 19:02:27.689,13,Rodilla_Izq,38.362942773262255,26.3334891072733,125.77976037740291,-0.2508265035341543,0.23077583223377224,-0.4772163486913468,-0.4152016971273059,0.5318034836046607,-0.6288513214683965,0
2025-05-19 19:02:27.690,14,Rodilla_Der,18.370833419272163,26.432571497971896,125.55658027211913,-0.5697626956330644,0.20874434307931944,-1.0191117753180676,-0.9225313514619963,0.589710458944973,-0.9156621673526204,0
2025-05-19 19:02:27.691,15,Tobillo_Izq,35.49929239645011,52.48053483592761,137.3496618293817,-3.4643430364548213,-13.307709136126656,-5.51064718558977,-1.0231390375163174,-3.9471535866044385,-1.642128253757709,0
2025-05-19 19:02:27.693,16,Tobillo_Der,17.698482223256406,49.95418183084476,134.37601228532438,-0.1262699077754065,-0.4708658409840007,-0.21943021268122423,-0.013798559274269644,-0.051455412706906456,-0.02397895784982266,0
2025-05-19 19:02:27.835,7,Codo_Izq,60.390206261774615,-31.14729362157813,121.36171596375033,3.2742216620009947,-3.445783220720862,1.9115804553377873,5.183977610620097,-4.356970421068843,2.034621215185017,0
2025-05-19 19:02:27.836,8,Codo_Der,9.52164450916814,-35.91468771800705,123.55105502356906,-3.1893960650262794,-3.7741115844019197,3.3948806432770064,-4.768328050399719,-5.969148521795514,7.480087303208795,0
2025-05-19 19:02:27.837,13,Rodilla_Izq,37.89618197366884,26.496023417612623,124.26586247341785,-0.8632237859557544,0.40242822120452115,-2.577660370975663,-1.3183332013825895,0.7915674067102927,-3.6818834224985135,0
2025-05-19 19:02:27.838,14,Rodilla_Der,17.239343580620798,26.286512073391265,123.3808002714568,-2.0670894310401375,-0.0710725093505856,-3.863458282655228,-3.1259847663107854,0.19883967392075558,-5.197394599887565,0
2025-05-19 19:02:27.839,16,Tobillo_Der,15.774871806477915,51.15767503698763,132.95459752998792,-8.964973361722153,5.603380043846388,-6.625753581208539,-2.7742512805525585,1.795565493120168,-2.03624558437546,0
2025-05-19 19:02:27.986,7,Codo_Izq,60.02173763599119,-30.570290767931787,120.91712047896256,1.4492763240692288,-1.1425487328275403,0.4122739058792669,3.240105479062324,-1.9395734298501313,0.44080198638405155,0
2025-05-19 19:02:27.988,8,Codo_Der,7.276876987849365,-35.825495816369234,123.69093349396108,-5.310809182015467,-2.1756694033151285,2.4760621845229913,-8.36042453733256,-4.434693324923966,6.512045951122415,0
2025-05-19 19:02:27.989,13,Rodilla_Izq,38.202246648936054,28.50286218365903,120.50044893235734,-0.06293164971918518,3.284605526343653,-7.2175990990712,-0.3673918244306481,4.867114180036553,-10.694966295315497,0
2025-05-19 19:02:27.990,14,Rodilla_Der,15.61503608904612,26.976087980166053,119.43913016286648,-3.7005318357110584,1.0233794161957779,-8.224288047675016,-5.809764560200316,1.667731954194612,-12.135037692668007,0
2025-05-19 19:02:28.137,7,Codo_Izq,58.86424409136673,-20.89246621943775,117.74521576158118,-0.7632598456074644,13.808718434991833,-4.525068989019149,0.2914895313299768,18.675758689146534,-6.323137055325799,0
2025-05-19 19:02:28.138,8,Codo_Der,6.059494639365411,-26.56415506059399,121.3302436072921,-5.084448186720794,12.473360522936568,-1.7927472410400969,-9.038596733870943,15.693998181165203,0.6512310661369911,0
2025-05-19 19:02:28.139,13,Rodilla_Izq,40.30143043998609,32.00729402939567,114.10508258842675,3.0876340686558352,7.246575694583848,-13.965006452613348,4.044916359647764,11.039902373382404,-21.53314813673427,0
2025-05-19 19:02:28.140,14,Rodilla_Der,13.250566158010601,31.11947001769927,113.70839783442679,-5.8165549110236645,6.85008795692532,-13.572437578778038,-9.449093775780222,9.960118457250793,-21.235261006230097,0
2025-05-19 19:02:28.282,7,Codo_Izq,56.38859397043896,-22.15561166612521,111.65328304642128,-4.0549641453466565,6.378997548983191,-11.859705559137938,-4.6434008435452805,11.481337966182231,-17.51682972392532,0
2025-05-19 19:02:28.283,8,Codo_Der,7.591067810213238,-25.27932812114506,112.77439388451315,-0.9350080868909921,9.297803927429428,-13.635845249294121,-4.1204399843745225,14.275341660505356,-16.65038414284859,0
2025-05-19 19:02:28.284,13,Rodilla_Izq,42.41540557316262,32.44145597746632,112.46709469158097,5.007256051377965,5.0979229096593555,-11.047468460249743,7.4322904536868375,9.52325721899822,-20.274398364387984,0
2025-05-19 19:02:28.286,14,Rodilla_Der,13.261914867873852,31.049434670851625,112.01393624529786,-3.6027827523394325,4.058168188239818,-10.916864913207778,-7.469204881821269,7.535741865602944,-20.21882168139767,0
2025-05-19 19:02:28.428,13,Rodilla_Izq,42.8375740681634,21.932158718190102,108.81937083836115,3.6779576568804546,-12.499858938021307,-12.526690222782438,6.609413089461458,-14.157179673207372,-24.03259489075475,0
2025-05-19 19:02:28.429,14,Rodilla_Der,16.030449685238352,20.25516907165481,108.52420675862419,1.7796071818572066,-13.598170348730074,-12.222204889907514,-0.4262366376194171,-16.3750182788518,-23.68903115543989,0
2025-05-19 19:02:28.431,15,Tobillo_Izq,38.37211675359323,39.977292684959366,127.29536913272135,9.533109002429057,-47.05843891332066,-36.823435179365305,26.608791636248647,-89.46809411409707,-76.76469185750578,100
2025-05-19 19:02:28.432,16,Tobillo_Der,17.47912107207314,47.19393463683333,127.74436073963608,4.302219503684204,-12.99864328703743,-19.840358894597994,21.109194313959783,-35.812270014795054,-34.99804233863635,100
2025-05-19 19:02:28.570,13,Rodilla_Izq,42.56426204799316,12.843723290562707,102.91405231940374,1.93662186834177,-20.9392614344725,-16.99826347162523,4.812901992856212,-29.14339098533254,-32.15723941920487,0
2025-05-19 19:02:28.574,14,Rodilla_Der,18.37229073424113,12.013153701735689,105.31325814957283,4.35087181433452,-20.3886310351184,-12.771534286498756,3.946708440867468,-29.22259642669539,-26.28455829111672,0
2025-05-19 19:02:28.576,15,Tobillo_Izq,41.12875805352403,36.85126589150242,117.91367346876157,13.676652867882876,-24.828975469311967,-46.39918957707227,41.92967367880101,-29.888157842245747,-122.43190611036681,100
2025-05-19 19:02:28.577,16,Tobillo_Der,21.731246092393505,41.19996450155232,119.68981201238519,18.185674035624665,-27.114891885885722,-36.0171731303755,66.80107466242026,-86.3397234422793,-100.17330875131921,100
2025-05-19 19:02:28.732,13,Rodilla_Izq,41.60996493871194,14.700765050284536,99.79891895176688,-0.09492753734046205,-9.523132315264657,-15.459162783010006,2.051246296166095,-17.47257484454547,-32.05103616897989,0
2025-05-19 19:02:28.733,14,Rodilla_Der,19.643809919087584,12.25736560325279,103.57869805443408,4.267449152344487,-11.697626592699034,-10.904831676195096,5.020202054290673,-21.08321250921013,-24.888976186985424,0
2025-05-19 19:02:28.878,13,Rodilla_Izq,39.20822250675303,24.07857396232999,97.75629069849319,-3.4560645554883793,7.906550296230539,-13.268960864457833,-2.921039698913755,5.123843357833405,-30.916362343548787,0
2025-05-19 19:02:28.879,14,Rodilla_Der,18.245510015248765,23.869027236230437,105.670364352205,0.40272727665284,9.882772970308277,-4.280524036436855,0.7419614272960695,6.85548424013437,-16.749408819569773,0
2025-05-19 19:02:29.011,8,Codo_Der,15.345674833592724,-28.652314448127427,119.01717487670047,10.868630354763553,0.7058047711520566,1.2588686651202128,12.468221370298588,4.32699806477264,0.5745062082333376,0
2025-05-19 19:02:29.012,13,Rodilla_Izq,39.528216425364384,27.93431726715081,100.10236122945207,-1.4811877108461151,10.132363722806033,-5.597462303663138,-1.241545746180514,10.827763102950911,-21.782707099416665,0
2025-05-19 19:02:29.013,14,Rodilla_Der,19.87109269606365,27.186209500062446,110.05068751651768,2.694626903320906,10.451857847012688,3.074820472434973,3.9882802176144794,10.860267755868023,-6.159902943622477,0
2025-05-19 19:02:29.014,16,Tobillo_Der,29.143785597194416,45.11995247619879,122.25039293123803,35.431498185851886,4.216251870069056,-3.469592186157551,122.1967895182004,19.17765497679865,4.818363126649899,100
2025-05-19 19:02:29.155,8,Codo_Der,22.92346145083219,-31.349389554021617,126.04580583975589,17.77437179623911,-3.3722966019508642,11.289871832548977,24.908929826503552,-1.6716517938942292,15.015385059073719,5
2025-05-19 19:02:29.156,13,Rodilla_Izq,38.96404694276572,30.41965447322075,101.78221762655552,-1.672595037420107,9.569934588137484,-2.0272867086638677,-1.95226631366481,12.763247245637073,-16.122408987651937,0
2025-05-19 19:02:29.157,14,Rodilla_Der,20.876531510322533,29.367536676590554,116.93378276501319,3.1579114954554672,9.269532241696302,11.335696689521802,5.200386840249726,12.062928434446398,7.460179652033048,0
2025-05-19 19:02:29.159,16,Tobillo_Der,33.9637701075116,48.104246257514866,128.11982305644167,32.03985129736192,12.151708556726208,19.10145227389522,107.62087139970059,40.38785403813628,66.1456576946737,100
2025-05-19 19:02:29.285,8,Codo_Der,26.338136388028243,-28.272342271186464,119.14071775675612,16.057890861204626,2.8510902860068006,-3.6470423505381615,26.782711150769433,5.833557460585693,-3.0635982012397385,1
2025-05-19 19:02:29.286,13,Rodilla_Izq,36.888419990870446,30.544944261196925,103.46991359426633,-4.135995240203755,5.998674942477814,0.2714509432057496,-5.84120737415823,10.158171218626713,-11.706969938786408,0
2025-05-19 19:02:29.287,14,Rodilla_Der,23.440355115325687,29.628073870452518,122.52114887841745,5.8761954684294775,5.997578144774224,14.73922164424929,9.652585664773298,9.839090721168175,16.00407572502462,0
2025-05-19 19:02:29.288,16,Tobillo_Der,38.4052796690436,52.361576972576984,132.5557456677261,30.310015314259378,19.095279711810882,23.502547160837903,102.62855648719236,58.0139111917002,76.58716747213296,100
2025-05-19 19:02:29.420,13,Rodilla_Izq,35.17403533616634,30.593469297020274,105.36520724996997,-5.126489392453895,3.855072949972042,2.0763808174093175,-8.19143055480394,8.325358294058015,-7.506745165205652,0
2025-05-19 19:02:29.422,14,Rodilla_Der,26.052840136571,30.177445779571574,126.85686017581295,7.662419408590813,4.592247857184905,15.175793152386625,13.342757542401703,9.082857252546207,20.684477320415315,0
2025-05-19 19:02:29.423,16,Tobillo_Der,40.16396692118016,53.40215571471086,134.3253840837255,22.27887653877967,13.388656298390691,18.133374240552776,83.09339273717765,45.66895573470751,64.0110307800153,100
2025-05-19 19:02:29.712,7,Codo_Izq,48.341704611164765,-13.830392149791443,98.63338444668452,-14.39157579930469,16.515357797302812,-26.68006749731507,-19.989774879771566,26.510599472929123,-40.43798865112336,100
2025-05-19 19:02:29.713,8,Codo_Der,28.16248321136976,-20.3687382958241,110.81737988080593,12.685554511932253,13.889084725412992,-14.656214978926862,24.829301653746036,21.602623054130646,-19.537391180031502,100
2025-05-19 19:02:29.714,13,Rodilla_Izq,28.1876577100025,32.03039929287105,105.1977343765147,-13.787498759205885,4.736767823528052,0.05288853427200224,-21.26197218995911,9.943293055345308,-8.353065670177013,0
2025-05-19 19:02:29.715,14,Rodilla_Der,21.37183996742635,32.31342837880724,127.98258061252842,-2.3680479360306044,6.2159373521522205,10.663278049554021,0.5277874090461001,11.937507735424632,17.666282013935632,0
2025-05-19 19:02:30.147,7,Codo_Izq,49.85505362740328,-20.477748842622084,132.8507149988297,-6.349991571987649,0.24992833841445508,34.949895044234005,-11.94212845084814,7.013745248726639,39.672146751355925,100
2025-05-19 19:02:30.423,7,Codo_Izq,25.761230532993828,-19.73194765733094,112.91908126928091,-40.28384500442247,1.802250045084646,-9.23014000486503,-60.14495847597209,8.369748944591846,-12.196674215054784,100
2025-05-19 19:02:30.424,8,Codo_Der,15.489987258513166,-19.605650073841286,97.68492275261777,-10.97895272172124,9.79976490725299,-28.831442260442543,-6.201591320979325,18.906547703552334,-43.0067946212128,100
2025-05-19 19:02:30.426,13,Rodilla_Izq,6.955082622874734,30.564533679776616,104.05531566842659,-40.889730746470704,0.9173334052161101,-2.376127034052632,-62.31073056544146,5.286459374286059,-10.651454097217732,1
2025-05-19 19:02:30.427,14,Rodilla_Der,0.5231126166180289,29.40237870425999,125.24568608980408,-32.88555278061144,-0.38796929943328046,2.5480314014927106,-43.33953895529082,3.738383684012808,8.473785233414706,0
2025-05-19 19:02:30.428,15,Tobillo_Izq,0.7566307602889424,39.91678469628606,107.25618784811084,-146.56529427016454,4.730642507415512,-56.760998616994016,-496.40314825831433,53.81524330983963,-165.93110767502822,100
2025-05-19 19:02:30.568,8,Codo_Der,3.5533348154830904,-22.38640265669495,95.83437131998541,-23.956986487100288,2.0749339377239697,-20.295859024203516,-28.11446612028742,9.501249889586063,-37.022304666281464,100
2025-05-19 19:02:30.570,13,Rodilla_Izq,-3.0204033100115355,29.281333419084454,104.31832868924678,-40.09373833288418,-1.0632248908575248,-1.6489872156008152,-69.49251823148933,2.1368444546631586,-9.107307426524223,90
2025-05-19 19:02:30.571,14,Rodilla_Der,-12.182746741589892,27.043624065931063,120.91353657807444,-38.800182096803326,-3.458949530873357,-4.656138443059393,-59.28334662152575,-1.2694887930809733,-1.775862072642532,0
2025-05-19 19:02:30.572,16,Tobillo_Der,8.155532328466364,48.32125573338418,129.57038495237703,-60.23443091221851,-3.5050226340811954,0.3804935422944162,-84.69014844250674,10.772483867840215,26.515331303712493,100
2025-05-19 19:02:30.706,8,Codo_Der,-7.3637225772434025,-27.515466470423355,99.89722878902766,-30.66077847747834,-6.007768068759871,-6.803640054364851,-43.786918431639606,-2.246989093957838,-21.626950449002553,100
2025-05-19 19:02:30.707,13,Rodilla_Izq,-7.394157059268054,27.78598243643424,104.18068438146669,-32.007419756354125,-2.622450850178368,-1.7649997164511697,-65.60454070713655,-0.790459694713336,-8.729939534220641,12
2025-05-19 19:02:30.708,14,Rodilla_Der,-19.671271083193762,25.974011686362104,113.94595442104334,-35.27843330963861,-3.4275681504239985,-13.036267273530653,-62.6448178399775,-2.510489883084823,-15.264813192400364,2
2025-05-19 19:02:30.709,16,Tobillo_Der,-12.457272373591554,49.296463099233826,127.00991525448921,-74.62268498891079,1.450725199213981,-3.2239631496479526,-128.46934881060247,15.936447688657005,15.605573440719068,100
2025-05-19 19:02:30.853,8,Codo_Der,-17.888744042176636,-32.252726946701195,107.0845026995789,-34.39388978859481,-10.258555588044212,5.817311181198658,-55.58688204098175,-10.40667442571814,-3.673806265827885,100
2025-05-19 19:02:30.855,13,Rodilla_Izq,-9.214570667005336,26.3878173580827,103.9103229065669,-23.68426366768447,-3.444052835260404,-2.0072233981394043,-57.91202266223106,-2.9329911955668417,-8.550363124780205,0
2025-05-19 19:02:30.856,14,Rodilla_Der,-24.057560760241472,25.7354150266978,109.50860652572459,-28.889100172754684,-2.211844402409656,-14.278174744115047,-59.470866825593475,-1.8844008793311597,-20.287778100283912,0
2025-05-19 19:02:31.007,8,Codo_Der,-28.277748436392724,-32.46932315010873,104.24697859679574,-36.78480406376087,-6.056790422855949,-1.903859243257233,-64.98805289594688,-7.272325202071933,-11.47010405038285,100
2025-05-19 19:02:31.009,13,Rodilla_Izq,-9.85399946133353,26.482097339119786,103.94559736129179,-17.231108279891757,-1.7298861709506084,-1.6515707116642877,-50.11417519786269,-1.5398549760652203,-7.609096558600986,0
2025-05-19 19:02:31.010,14,Rodilla_Der,-25.794253529533904,26.22964479026479,106.66691337028081,-21.46461551043489,-0.45445093792810193,-12.794781659490713,-52.2636259865764,-0.07170698716837887,-21.151382379525398,0
2025-05-19 19:02:31.150,7,Codo_Izq,13.991874119438975,-28.765380379925865,117.22309208757477,-42.37179907812989,-12.055623739354873,0.9931725848436899,-71.50837815513941,-11.323985577977227,-0.12926937315442544,100
2025-05-19 19:02:31.152,8,Codo_Der,-34.787854671684386,-33.46498944863835,98.66986217382677,-33.14490510103662,-5.052739644693855,-10.299098895957995,-66.25067019228982,-7.393259410947369,-22.379262264085227,100
2025-05-19 19:02:31.153,13,Rodilla_Izq,-9.10593377817412,25.2858901821242,107.34218570693865,-11.462511946690539,-2.772693489898694,3.677846426400841,-42.293146042859725,-3.504805241407112,0.1975550316382142,0
2025-05-19 19:02:31.154,14,Rodilla_Der,-26.231288298242458,25.705539087188576,105.55090082559109,-15.483895793373922,-1.016715772858876,-9.674352990680708,-45.61943226759366,-1.036660483443761,-19.205417473173647,0
2025-05-19 19:02:31.155,15,Tobillo_Izq,-20.065593607983388,48.20079053033782,121.83934560379849,-135.06399507591817,32.18544999126472,24.79683609749882,-446.712867462424,122.07150375373186,69.63407097472435,100
2025-05-19 19:02:31.297,13,Rodilla_Izq,-8.14029771949225,24.994121688761815,112.31470990685065,-7.696673851167797,-2.0680736187639064,9.263672355752362,-35.73945857110428,-3.17675994336588,9.49246194667774,0
2025-05-19 19:02:31.300,14,Rodilla_Der,-23.979564692784145,24.889641137239,103.44183949125758,-7.968404646702923,-1.804639050244541,-9.466318527326903,-35.04139384338573,-2.4105343487386475,-20.1916737821349,0
2025-05-19 19:02:31.301,15,Tobillo_Izq,-25.36605023528665,49.02253909446148,127.42066237591436,-84.5897934186043,20.01429659218958,27.886065933897644,-307.01495365036806,84.40630963850376,77.90462619407776,100
2025-05-19 19:02:32.115,13,Rodilla_Izq,10.334878167913512,23.518762361799205,107.33814199305596,21.078849821606084,-3.494988794681749,-2.1959507936345406,6.097196528920335,-5.5890852915755325,-3.9199906168717646,0
2025-05-19 19:02:32.117,14,Rodilla_Der,3.214694044968873,23.67096778065635,100.6036421096784,34.14005121891236,-2.9157438396383037,-10.57654433131715,25.16382379410677,-4.378926507252771,-22.895761636861458,0
2025-05-19 19:02:32.253,8,Codo_Der,-4.744412063383535,-25.19133115673459,90.99671315872787,23.59397474249766,9.393671744153004,-18.48428651514422,8.03730138779062,11.661403573526034,-35.10411572777237,100
2025-05-19 19:02:32.254,13,Rodilla_Izq,25.47519194578578,30.645722959635762,114.79415994360552,33.72795268844255,8.5862724669156,9.858997062931701,31.74931915917838,10.55952556134131,12.510631588320585,0
2025-05-19 19:02:32.256,14,Rodilla_Der,24.84810472356086,27.856796528230063,99.84159542880724,51.52211643076808,4.528555197781464,-8.232356341209567,60.316835705747046,5.3786350863928085,-20.964848446930425,1
2025-05-19 19:02:32.384,7,Codo_Izq,14.888855744705793,-25.84765293184197,98.4164580620102,-25.480452036079022,-2.497790034041482,-28.030993670221473,-56.44320917469716,-1.567139768552222,-40.22160612471943,100
2025-05-19 19:02:32.386,8,Codo_Der,11.147628097965319,-24.665533463598567,93.9636910609723,36.5295769353539,6.415447652641712,-7.517983552613729,35.033731306626784,9.927025778940711,-22.964130939932026,100
2025-05-19 19:02:32.387,13,Rodilla_Izq,31.679690584963673,33.059778055535624,120.7168499134336,28.78145056509193,8.789911391942985,14.90580117614796,34.88080952446442,13.083966252040979,22.09648623861998,0
2025-05-19 19:02:32.388,14,Rodilla_Der,35.52333631262007,27.368355470025755,98.46827387022198,46.71930586927163,1.9469445453310996,-7.857561329454,67.42552454820049,2.970690024727763,-21.184635295964963,95
2025-05-19 19:02:32.533,8,Codo_Der,18.73110025888557,-33.51457461419555,108.87301740251092,31.92402175270106,-9.564529612356045,17.13342351766671,38.84523598902045,-11.213306194013674,11.759926360195877,100
2025-05-19 19:02:32.534,13,Rodilla_Izq,35.3011191287831,34.85032004444445,123.35136468286352,22.202294622110813,8.034720944870852,13.00519826968171,32.69275942112954,13.818847812256113,22.487718255992522,0
2025-05-19 19:02:32.535,14,Rodilla_Der,40.16624585967025,27.80732695924291,100.1217739699927,35.09804260863667,1.8505206321658851,-3.051913137985207,60.985583070689046,3.2221342072074655,-14.67891748708361,0
2025-05-19 19:02:32.678,8,Codo_Der,25.638326065214414,-37.08220985202394,119.23856618706202,29.13169272881416,-10.967695791584994,24.973276158526357,42.823965308382476,-15.599810096217364,28.253224129274088,100
2025-05-19 19:02:32.679,13,Rodilla_Izq,35.40933756180512,33.8166040565786,124.54329534569656,13.612039648972567,3.4660155819410075,9.973304954998783,25.35446542670759,8.83914289883942,20.51270886677419,0
2025-05-19 19:02:32.680,14,Rodilla_Der,40.8194779589595,27.710990334109894,101.4828968170225,23.046381088258887,1.0169943539025523,-0.6515040775605069,50.20180472444916,2.375534658007106,-10.519056950084552,0
2025-05-19 19:02:32.816,13,Rodilla_Izq,33.70435577491174,31.371140432326,125.01054677673224,6.173071761100235,-1.2845762806799232,7.286741257233408,17.23142967809118,2.4516691425828814,18.166723255635993,0
2025-05-19 19:02:32.817,14,Rodilla_Der,40.68220333571712,28.25022265900862,102.97823081088667,15.221562005041777,1.5123543533279649,1.0853072699219923,42.13980879901076,3.1744165973673413,-6.940074934314697,0
2025-05-19 19:02:32.950,13,Rodilla_Izq,31.94448748527714,28.940830116075432,125.3749735719697,1.766633872702192,-4.137888921313936,5.625657289177277,11.380731322219493,-2.414000079043941,16.512669781359556,0
2025-05-19 19:02:32.952,14,Rodilla_Der,38.916689525538885,27.292885670056275,103.06776618960896,8.243729682241495,-0.45155087646216724,0.11847105459671302,33.21242612415923,0.6382856299019024,-6.926393252553567,0
2025-05-19 19:02:33.087,13,Rodilla_Izq,31.335477969680188,27.722800640155782,124.18647188289242,0.8650750964388628,-4.088202942550141,2.292906879574105,9.324255992080289,-3.7644416241507157,11.97363509056,0
2025-05-19 19:02:33.088,14,Rodilla_Der,37.04412408806576,26.15837821233697,102.75178458046635,3.894998492932842,-1.9021806924252223,-0.9891078875837487,26.098286750044608,-1.6782077683483583,-7.500382069470496,0
2025-05-19 19:02:33.089,15,Tobillo_Izq,4.527574755973518,50.24989560405704,129.4962056232014,24.7111866651505,16.211216299759254,20.66717054222022,-58.040759814130894,71.47146039416207,64.02282011713757,100
2025-05-19 19:02:33.232,13,Rodilla_Izq,30.75306633659227,27.153958179891255,123.73736209580797,0.3205205656905442,-3.1463653729683507,1.4335705264277594,7.59177798587622,-3.6270627798621975,10.022484221733741,0
2025-05-19 19:02:33.233,14,Rodilla_Der,36.365383932828415,26.21757407360237,103.04219765705457,3.0560737888577467,-0.9626777482416344,-0.6702451245717115,22.834478193803694,-0.9198461711548248,-6.39808325604714,0
2025-05-19 19:02:33.374,8,Codo_Der,32.348256696316625,-30.010140245370707,103.41659534919566,27.908880577509564,4.09328481197077,-9.503555718454878,47.405175250448885,3.022962980121452,-13.400205589009374,100
2025-05-19 19:02:33.375,13,Rodilla_Izq,30.526187664838435,26.76939070401514,123.55344799439708,0.4451034123811879,-2.413900616293753,1.2532011047326919,6.845485431373729,-3.4194369635135735,8.97863376638065,0
2025-05-19 19:02:33.376,14,Rodilla_Der,35.67661189136579,26.33212098352902,103.25104333117942,2.342030142127424,-0.3684728402798157,-0.5419522897080589,19.94178670015188,-0.36270392499188364,-5.609999595080243,0
2025-05-19 19:02:33.519,13,Rodilla_Izq,30.41999993754494,27.022695775535603,123.46485455968161,0.6376111771361432,-1.0634828145647177,1.2340745239087056,6.3265124644305075,-2.052827363490244,8.19858194973473,0
2025-05-19 19:02:33.520,14,Rodilla_Der,34.49320702078764,26.30139472368942,104.15888633996133,1.0279724551365672,-0.25430886715213735,0.6417736382072087,16.239028162987196,-0.305881137140116,-3.376744810260726,0
2025-05-19 19:02:33.668,8,Codo_Der,32.89377891494132,-25.141996567928846,90.8128035440364,18.205069366147793,9.572535347474876,-24.754478641491268,38.61746836326927,11.946978890297748,-36.71887369520165,100
2025-05-19 19:02:33.669,13,Rodilla_Izq,29.839677249901314,27.83122495617274,124.12521675832498,-0.02300235815175726,0.5423030302714736,2.3044240013087034,4.74274512064992,0.0489088996446192,9.013737755107398,0
2025-05-19 19:02:33.670,14,Rodilla_Der,33.992699339816774,26.54991762427802,104.39248415410401,1.1523246142172812,0.22956413247084143,0.36167039760710695,14.465607907695139,0.30940149074858414,-3.004601397481825,0
2025-05-19 19:02:33.840,8,Codo_Der,34.88495191360722,-23.003857077065224,84.02251910830304,14.830809812502226,8.611596058678382,-24.730224729329805,35.07182097907833,12.602135108959624,-40.85033257737332,100
2025-05-19 19:02:33.841,13,Rodilla_Izq,29.45236588800067,27.10666703372921,124.51019170394866,-0.12499261699435316,-0.841345497498551,2.481397366095596,3.7999757446831772,-1.6528762763110378,8.71348239595184,0
2025-05-19 19:02:33.842,14,Rodilla_Der,34.29971028065364,26.740338683207483,104.54700444180742,2.3902932461047013,0.41733619926960686,0.09654247499437707,14.247552848643089,0.6137454830258058,-2.7202930838938477,0
2025-05-19 19:02:33.973,8,Codo_Der,35.91146806139936,-20.768763733368548,80.22495143497957,11.774485031956141,8.657491372685602,-21.330298033136025,32.4737858663861,14.61504966466873,-41.14141550861952,100
2025-05-19 19:02:33.975,13,Rodilla_Izq,29.341455061409366,27.36021821404196,124.59367394069811,0.07605659938561261,-0.17621176164208524,2.065965150454903,3.5356612236777196,-0.8674387195769793,8.043601547247887,0
2025-05-19 19:02:33.976,14,Rodilla_Der,34.28919318090074,27.39815170274948,104.79756203121126,2.3229784037342274,1.238917369098764,0.20422521722712617,13.307191589701644,1.846349514402718,-2.1795039228035447,0
2025-05-19 19:02:34.106,8,Codo_Der,36.44279698964242,-20.675914978771278,79.18057511819237,9.28355752086067,5.642223024064171,-15.533038478998101,29.73440493207394,12.14930871974607,-36.673197713448694,100
2025-05-19 19:02:34.107,13,Rodilla_Izq,29.23505725194905,27.369635485712834,124.7556186944346,0.1598047308996169,-0.14320947991263652,1.9185044043745527,3.2276827036499416,-0.7831363063856036,7.6628361398343685,0
2025-05-19 19:02:34.108,14,Rodilla_Der,34.553618084949505,27.641858201439693,104.99093016745022,2.619929329747233,1.1335502336713064,0.2190864024209843,12.972846160345664,1.9786396812886968,-1.7923226879188925,0
2025-05-19 19:02:34.237,8,Codo_Der,35.92091800855908,-20.378140629885348,78.71455939085794,6.207055524136179,4.2348912615281815,-11.378316319437367,25.48767694840394,10.979408287360826,-32.64403916066472,100
2025-05-19 19:02:34.239,13,Rodilla_Izq,29.008256204982928,27.19982335497816,124.90169506893659,-0.008169783644686656,-0.39092351515233764,1.7874325225741703,2.6428779018978044,-1.088458659770466,7.29452601293304,0
2025-05-19 19:02:34.240,14,Rodilla_Der,34.73153727065962,28.101577784830315,105.1411485430826,2.606881074637077,1.4200731953172743,0.1952473034052334,12.377905674349924,2.599271557101278,-1.5022171472588475,0
2025-05-19 19:02:34.380,8,Codo_Der,35.16506009310444,-21.74479807408887,78.86723900299546,3.9911187472944123,0.8849558386426392,-8.009894733614477,21.42800752311595,6.530180857397909,-28.142701273517318,99
2025-05-19 19:02:34.382,13,Rodilla_Izq,28.707862491370243,27.024251157699076,124.69694155473555,-0.23944369588494913,-0.548213513266317,1.1649740842015566,1.945691041959937,-1.321060911970762,6.153531267868669,0
2025-05-19 19:02:34.383,14,Rodilla_Der,35.203220081272526,28.011145964726825,105.06936518487281,3.020744648039527,0.766373352478282,-0.14190101573658154,12.323024314027903,1.9166582506752166,-1.682571430700801,0
2025-05-19 19:02:34.527,8,Codo_Der,34.58615863496298,-21.757220201686884,78.65785967095474,2.868863772879377,0.9665137423591684,-6.563686663989905,18.4477049002975,6.075811651158668,-25.43002962907742,51
2025-05-19 19:02:34.529,13,Rodilla_Izq,28.543996638973173,27.134355000663586,124.61667297354386,-0.19570549024399203,-0.20724619805410358,0.9637967170318201,1.626197540797691,-0.8837160286239949,5.475153929859666,0
2025-05-19 19:02:34.530,14,Rodilla_Der,34.89007962358212,28.15449257101153,104.97958483109525,2.0251815070235275,0.7489234772869297,-0.34976966781915425,10.423564160032338,1.9381560947637473,-1.790947537471455,0
2025-05-19 19:02:34.661,8,Codo_Der,35.63231114360355,-20.53753476090197,78.06980111991146,4.493698594973082,2.8230592211588506,-6.188497106907713,19.506657114026495,8.285691627250518,-24.321699735553242,58
2025-05-19 19:02:34.663,13,Rodilla_Izq,29.21532868712943,25.991345711395343,115.23026025865595,1.0553056200000646,-1.9138312514157505,-13.374098716970236,3.083385362690284,-3.2463337455462513,-14.932418404749097,0
2025-05-19 19:02:34.664,14,Rodilla_Der,34.715562027724964,27.59793949309686,104.42453157927821,1.5739331345232448,-0.32058447335837736,-1.1620468251596239,9.27277648522149,0.4994959515418196,-2.840969011339175,0
2025-05-19 19:02:34.806,13,Rodilla_Izq,30.37176405105453,25.19101431708963,108.82713706811471,2.5308528651443383,-2.413913093022233,-17.441056693025004,5.1579830781569935,-4.291188577712065,-24.138289750324763,0
2025-05-19 19:02:34.808,14,Rodilla_Der,34.74227268263456,27.431642630783934,104.24975802761021,1.587056602338525,-0.36437301189024374,-1.065942634025772,8.635471284755472,0.2322676796108774,-2.79128569444052,0
2025-05-19 19:02:34.960,13,Rodilla_Izq,29.533239338122414,26.918647719840475,107.83500071238586,0.371905380605399,1.108801845160534,-11.803814563360746,2.42244163182258,0.26901301478214545,-19.927487744396437,0
2025-05-19 19:02:34.962,14,Rodilla_Der,36.04970599304662,28.437219451129753,105.66672966282205,3.499014089732726,1.3759351924131913,1.4008295796279358,10.670010430360577,2.4772703922659525,0.6315944153554591,0
2025-05-19 19:02:35.101,7,Codo_Izq,18.495036860607197,-27.7477478996464,109.75920920978199,-11.593200165273679,-4.240949262276427,0.3027986541956032,-39.95360460462321,-4.841855925538046,-6.8029843005130886,100
2025-05-19 19:02:35.102,13,Rodilla_Izq,29.44178524217851,29.3006680221855,108.46010183100846,0.2451427834694798,4.161778844807015,-6.479943177649062,2.069494371154521,4.960892003314911,-14.708663120169064,0
2025-05-19 19:02:35.103,14,Rodilla_Der,36.16604785693795,31.25006121846527,107.44421097791565,2.772865886637025,5.126763389079475,3.421502117365366,9.660769083891575,7.953376149703427,3.9543571302086264,0
2025-05-19 19:02:35.248,7,Codo_Izq,20.486153964166355,-29.43620629401432,119.50647491662919,-5.938328282728992,-5.010842283797275,14.407732128900912,-31.15859100481547,-7.004721569653213,14.051621864378347,96
2025-05-19 19:02:35.249,13,Rodilla_Izq,32.57697221446782,31.358505104284585,117.72859064924607,5.029755824008487,5.526979701452859,9.621573402198251,8.555082559202223,7.898369421070154,7.1660989864729245,0
2025-05-19 19:02:35.251,14,Rodilla_Der,40.93404319100921,31.336703340211173,109.79289842341582,9.360728678138928,3.27129853209328,5.524907433733468,18.63373719415496,6.3694829334493885,7.756748821654197,0
2025-05-19 19:02:35.386,7,Codo_Izq,21.867374418564648,-30.52732784384952,125.93746121940362,-3.3723609617020434,-4.687986915037692,17.9868270478815,-25.824237134085653,-7.706129828377568,23.2103242310383,98
2025-05-19 19:02:35.388,13,Rodilla_Izq,34.99446088008251,32.23366702134576,123.86409878109222,6.825906280512753,4.685344807166696,14.581375378226413,12.012955270757216,7.968291968312497,17.15702829881545,0
2025-05-19 19:02:35.388,14,Rodilla_Der,48.64335445502924,31.0746444476996,112.94942584671169,17.777547393805968,1.7344206973962448,8.119538386883802,31.79062964404868,4.729858225311946,12.645993861311538,0
2025-05-19 19:02:35.524,7,Codo_Izq,22.013131277374256,-30.999202154157587,129.26419432958983,-3.55235923898381,-3.6471750717525144,15.778686973626762,-23.991000253511604,-7.173068981508172,24.53267979721659,97
2025-05-19 19:02:35.525,13,Rodilla_Izq,36.45204625739903,31.655621024499176,127.64745089905077,6.5458609328980595,2.0775050770028067,14.298609964380763,12.860441993980784,5.206912393857287,20.5603901458943,0
2025-05-19 19:02:35.526,14,Rodilla_Der,55.53515606902567,30.079232609614962,117.04228936787301,21.782065165416533,-0.26901216149591933,11.227087190639594,40.55471745864234,2.013856703495545,18.691864791073364,0
2025-05-19 19:02:35.674,7,Codo_Izq,21.429163365925678,-31.10128742347904,129.71836509570494,-4.6761730410110784,-2.5058108440004596,10.286937000280325,-23.516793590430925,-6.047615171978172,19.84724944706509,35
2025-05-19 19:02:35.676,13,Rodilla_Izq,36.96088841742773,32.21817946787837,129.83446023993847,4.993440578559384,2.292388689912377,11.87476133647494,11.541170454641252,5.6116061750737565,20.14008606855563,0
2025-05-19 19:02:35.828,7,Codo_Izq,21.320133185202273,-30.379015986144157,127.51361930630681,-4.461872199793527,-0.6230291068923587,3.2601944877255704,-21.64504275997212,-3.5603069209546323,11.364885908640995,0
2025-05-19 19:02:35.830,13,Rodilla_Izq,37.84037724471058,30.497354186219106,130.771777547291,4.700548242201441,-1.0203639360129402,8.780813981845323,11.490956930008412,1.1152765624321699,17.776027367036846,0
2025-05-19 19:02:35.831,14,Rodilla_Der,61.371527526555745,29.193767733875653,124.13443592163898,22.65724713925533,-1.287166384290269,17.669729441450098,44.81288976871501,0.17634740772832846,29.588300829629418,0
2025-05-19 19:02:35.991,7,Codo_Izq,21.656343296276013,-30.140706724039017,124.43366033978423,-3.5680759610538297,-0.26219894176668623,-2.0554504153223134,-18.84751409591139,-2.757406793125103,3.555018386940991,0
2025-05-19 19:02:35.992,13,Rodilla_Izq,38.829628764482436,30.110355364009084,130.65084124855747,4.707788849617965,-0.9403494580036634,5.502631928605888,11.644114739057656,0.6268397916065513,14.08716389680708,0
2025-05-19 19:02:35.993,14,Rodilla_Der,64.74410434537103,29.799451634014826,131.19332085817442,19.60437599323425,0.33991881015569586,21.4406121946256,42.93672253012959,1.8708452345543336,37.50928726011535,0
2025-05-19 19:02:36.144,7,Codo_Izq,24.913195591727114,-29.231868999014413,120.18796368728972,1.4609804255380516,0.9788492886770416,-6.959288535829227,-10.580170334108592,-0.742526973409543,-4.5962438606841145,0
2025-05-19 19:02:36.146,13,Rodilla_Izq,38.9484299854307,29.535648967551683,130.95204955992344,3.446037907527036,-1.2403799419889694,4.311867977972379,10.124435073260658,-0.2684443483612081,12.631569043543886,0
2025-05-19 19:02:36.291,7,Codo_Izq,30.09300786933329,-27.835229594448847,115.34591680965016,7.47349454318529,2.4802041240119213,-10.939689975135646,-0.18120324395559528,1.8387816223848117,-12.31442821624354,0
2025-05-19 19:02:36.292,13,Rodilla_Izq,40.28115506455856,29.601040034665534,130.29367384685423,4.516865750687575,-0.5243861493748442,2.199656028265249,11.58909646675473,0.24324317779553073,9.714531362896189,0
