Timestamp,Keypoint_ID,Keypoint_Nombre,X_cm,Y_cm,Z_cm,V_x, V_y, V_z, A_x, A_y,A_z,Probability %
2025-05-21 08:41:41.623,7,Codo_Izq,89.05067958268135,-9.53664483545444,212.82517749510944,0.09196114718457135,0.0604429555861063,-0.05704123798512505,0.015300666379297405,0.010056611152811529,-0.009490627063631634,0
2025-05-21 08:41:41.624,8,Codo_Der,83.0655744392034,-7.610698731368611,229.62420766100058,0.1621462299681774,-0.13296791020419885,0.27705799673388093,0.026978190739884052,-0.022123447732806844,0.04609742380913667,0
2025-05-21 08:41:41.625,13,Rodilla_Izq,93.04171557038387,47.44812010448833,218.87473131793152,0.03983531484630795,-0.03896408707365406,0.09371005016943194,0.006627873631831878,-0.006482917137726811,0.015591652104468945,0
2025-05-21 08:41:41.627,14,Rodilla_Der,89.61899675917232,52.260610238823006,241.07440113768962,0.07876177727879002,-0.019181000126136723,0.2118685655570115,0.013104530711916543,-0.003191370407355226,0.03525108523648355,0
2025-05-21 08:41:41.628,15,Tobillo_Izq,99.8735380523872,85.70905295684861,223.54990347246482,0.01638222138385223,-0.046584400558641575,0.03666881218430689,0.0027257044047420144,-0.007750799041216339,0.006101025040837311,0
2025-05-21 08:41:41.629,16,Tobillo_Der,96.31168595503723,88.58932007001523,243.7745850776355,0.12393384654140088,-0.07859991855739899,0.14667913438014207,0.02062034345033878,-0.013077600357387436,0.02440474666383042,0
2025-05-21 08:41:41.816,7,Codo_Izq,88.53611847388646,-9.169045360307273,212.4298094620773,-1.8914030734246876,1.3511430339953299,-1.4532127881381127,-0.8332672553669814,0.5767381988832714,-0.6214764233338181,0
2025-05-21 08:41:41.818,8,Codo_Der,83.04729691256367,-7.5410159536284365,227.5021512443953,-0.0672648693572863,0.2561986519474678,-7.800117669882304,-0.05295423768559336,0.13055871414420447,-3.421381980787049,0
2025-05-21 08:41:41.819,13,Rodilla_Izq,93.09670722495339,47.65168656934758,218.15917591509816,0.20211077560721694,0.7482627601285954,-2.6301923963071983,0.08175135545473614,0.33003012666417675,-1.1537288416361549,0
2025-05-21 08:41:41.820,14,Rodilla_Der,89.30731663253549,52.07851293743273,240.23598403202388,-1.1456730673710835,-0.6693195591949388,-3.081851600707689,-0.5081167086990427,-0.28727994698429915,-1.366829976760951,0
2025-05-21 08:41:41.821,15,Tobillo_Izq,99.74124656385752,85.96259491847299,223.25379150859774,-0.48626803962026677,0.9319600164778177,-1.0884281806642617,-0.21316215030120408,0.41076643205363733,-0.477127165544342,0
2025-05-21 08:41:41.823,16,Tobillo_Der,95.85270192962369,88.93599115763394,243.6272192621925,-1.6871364434702119,1.2742881639752046,-0.5417427565534577,-0.7494274100319268,0.5638370980940002,-0.2563313619045041,0
2025-05-21 08:41:42.003,7,Codo_Izq,88.86210998992478,-9.485593958544454,213.29385929112874,0.8816394949539537,-0.9101485288628016,2.72464759776448,5.66507017201987,-4.845653069327186,10.112051954156492,0
2025-05-21 08:41:42.005,8,Codo_Der,82.91929006106031,-7.218370867323856,227.8683849263998,-0.4358155462227541,1.104910355503615,0.3754567120301553,-1.1248362427006748,2.6810792076765666,14.218720272722752,0
2025-05-21 08:41:42.006,13,Rodilla_Izq,92.82862212140768,47.69549439105667,218.19975876310053,-0.872478717973298,0.22733015791585998,-0.1498534220520633,-2.794915396150321,-0.6235127663267442,4.018374035599214,0
2025-05-21 08:41:42.007,14,Rodilla_Der,89.55510276047313,52.22313508758566,240.90252678035787,0.7015861601027397,0.41011098739483254,1.8872612895652099,3.899740601236049,2.284997050226441,10.490271750772521,0
2025-05-21 08:41:42.009,15,Tobillo_Izq,99.30570706572985,84.97126088135533,222.2789105274733,-1.5049552415662482,-3.2042714365879617,-3.368585969248703,-3.4043007253319217,-10.56748553919037,-7.619947319178237,0
2025-05-21 08:41:42.010,16,Tobillo_Der,95.79935706516906,88.96166823585115,243.59059484763907,-0.36147370775772686,0.2241312731096208,-0.18221304004286712,1.826702505801232,-1.518347274476892,0.39094016516642927,0
2025-05-21 08:41:42.182,7,Codo_Izq,88.06873128225125,-9.554723529719556,212.8052165183227,-2.3276528291040033,-0.6419246801466619,-0.8211707700744131,-6.0568471889698206,-2.909697567897439,-2.707059966446966,0
2025-05-21 08:41:42.183,8,Codo_Der,83.18954099082828,-7.150663927553283,228.04407187769866,0.8389507368338748,0.5010185173211718,1.6259470996403753,2.995684447171132,0.7280454604194311,12.862598730894923,0
2025-05-21 08:41:42.185,13,Rodilla_Izq,92.86593179312948,47.73959127511678,218.50737866128887,-0.12422043648779339,0.12758391274135233,1.345918222307307,-0.10968402096172047,-0.47355058325238175,7.05118266537759,0
2025-05-21 08:41:42.186,14,Rodilla_Der,89.57201767352797,52.57964490164237,240.94802776432834,0.378664559613873,1.43709055919908,1.0186047070608821,1.9687809664410731,5.051538775130663,5.29600541871108,0
2025-05-21 08:41:42.187,15,Tobillo_Izq,98.95122855247641,84.81957562903708,221.48547075387376,-1.5848602527148274,-1.4894648662683017,-3.5474397264860005,-3.73689172038257,-3.8961462679722816,-8.364395611382099,0
2025-05-21 08:41:42.188,16,Tobillo_Der,95.85342598310488,88.63817190438377,242.77475713437858,0.2903357644856821,-1.2234285541635521,-2.8464463904668516,2.8330058371896216,-5.331955166912051,-8.482807558712189,0
2025-05-21 08:41:42.344,7,Codo_Izq,88.01293900847307,-8.992568268141964,213.01695445990785,-1.024748769402818,1.493568033455301,0.34496300392290896,-2.409567181278475,3.5143021836904325,0.7594968014386136,0
2025-05-21 08:41:42.345,8,Codo_Der,82.06014182829682,-6.874543150861544,229.09046940327016,-3.283274131576331,1.0321908010051022,4.5802638510507006,-8.9056197191562,2.42178126063616,18.478657124760545,0
2025-05-21 08:41:42.346,13,Rodilla_Izq,92.7971153683175,47.69461275576506,218.3722574532486,-0.25203912036512865,-0.15606391914785445,0.304205218770229,-0.5413187919662714,-1.0157542057456932,2.991529663146954,0
2025-05-21 08:41:42.347,14,Rodilla_Der,89.22825761959298,52.6606066337315,240.90956310832922,-0.9023430580161206,0.8759579097874788,0.43327569062380483,-1.9616476795357656,3.0677137269464345,2.8106097524158726,0
2025-05-21 08:41:42.348,15,Tobillo_Izq,99.67171340516543,85.8184830647958,223.0981533764471,1.7778956356522018,2.68226110229119,3.979516551478273,5.62173867623134,7.881474991574719,12.583304476103995,0
2025-05-21 08:41:42.349,16,Tobillo_Der,95.44128054377651,88.75589469998081,243.1443570661778,-1.0774609794029242,-0.21649579206422567,0.08366121221785655,-1.6942250993606214,-1.8168200329539395,0.1010939482355191,0
2025-05-21 08:41:42.497,7,Codo_Izq,87.56269279786817,-8.819025096029081,213.26763630472848,-1.7363049906416053,1.147376944981644,0.864777653617316,-4.276918357022648,2.8427795295028373,2.0890502613047888,0
2025-05-21 08:41:42.498,8,Codo_Der,81.45416163059225,-6.779566090311332,228.71605435551214,-3.2523762960158247,0.7209026553591577,1.486031996626687,-8.910662425263089,1.7828343137972236,9.415137565611158,0
2025-05-21 08:41:42.499,13,Rodilla_Izq,92.34983518511649,47.743391706673314,218.62349227927086,-1.3878517419896998,0.024236453796292478,1.019680059046991,-3.370467049918881,-0.42207331018451666,4.185761880104055,0
2025-05-21 08:41:42.500,14,Rodilla_Der,88.71868100142997,52.60911727672639,240.6375202698522,-1.8413356795349383,0.3075931913875129,-0.4595477801908939,-4.414171484241279,1.5139728264055201,0.20281793788355484,0
2025-05-21 08:41:42.501,15,Tobillo_Izq,99.87933512116507,85.82905888465,223.56287922350947,1.474480145190136,1.3129691946222837,3.3003726568336513,4.711791328776782,4.430355381604203,10.546542330141286,0
2025-05-21 08:41:42.502,16,Tobillo_Der,94.98894877734911,88.79388240763475,243.26703526475518,-1.7035457027233107,-0.08140516419723222,0.38098501540200097,-3.5782870378245617,-1.1684566935965202,0.8653436814678978,0
2025-05-21 08:41:42.644,7,Codo_Izq,85.9761396567983,-9.044607145367143,213.54742730279045,-4.934403771357033,0.012917606288646976,1.152855298208646,-11.355292813123619,0.5085495228016761,2.8081943898908666,0
2025-05-21 08:41:42.645,8,Codo_Der,80.78290459363531,-7.334919977586661,229.40216829217536,-3.4433452315619992,-1.0469761901719796,2.9426535398908533,-9.456355356343714,-1.9597039039363997,11.436787047266328,0
2025-05-21 08:41:42.646,13,Rodilla_Izq,91.9491273407498,47.50929951133706,218.75163592424107,-1.7282905761656147,-0.6208220539798717,0.9743065577797438,-4.257647168409883,-1.7048836235546196,3.821704115447451,0
2025-05-21 08:41:42.647,14,Rodilla_Der,88.37742923708396,52.52887541799111,241.6260101934735,-1.8031399256783895,0.009579260349092244,2.3861818090071485,-4.546945422539934,0.735027284708099,6.000922139419341,0
2025-05-21 08:41:42.648,15,Tobillo_Izq,100.24143134397949,85.5670469336194,223.77839868272343,1.7589386730840026,0.0934161477312545,2.4197431527546898,5.237447300411247,1.6684063029863587,8.44904109268547,0
2025-05-21 08:41:42.649,16,Tobillo_Der,94.47679223759636,89.00204542798954,243.84401629670543,-2.1311778857364563,0.41645633664026793,1.660868028767451,-4.811984644781591,0.11167990677899109,3.682194085273614,0
2025-05-21 08:41:42.794,7,Codo_Izq,84.18681451089981,-8.463315584801194,214.3943719123343,-6.7286089269643234,1.3648520337095218,2.5580867824508813,-15.32095368274328,3.000797038318227,5.590784123572297,0
2025-05-21 08:41:42.796,8,Codo_Der,79.28070317460411,-6.285809961179177,229.75613100697262,-5.393503563873301,1.8517319356044903,2.7667099162797086,-13.24933667407442,3.3853097779988737,10.470728767344047,0
2025-05-21 08:41:42.797,13,Rodilla_Izq,91.56524455657537,48.28431581661035,219.4046108702594,-1.827873056780749,1.4017871237043453,2.135126180827981,-4.5774250493894435,2.1561077275722127,5.828369585841315,0
2025-05-21 08:41:42.798,14,Rodilla_Der,87.39779664105686,53.177319677094204,242.67803366340985,-3.2300968110205335,1.5342100785391208,3.7184921113841765,-7.3919824691661855,3.510018075950702,8.704770995688316,0
2025-05-21 08:41:42.799,15,Tobillo_Izq,98.67054406107317,83.91847769556098,221.13343787101758,-2.520419976838779,-3.5757637822317965,-4.466404422692125,-3.0062877040885603,-5.640029149700927,-5.056527208744376,0
2025-05-21 08:41:42.800,16,Tobillo_Der,93.57520955761525,88.66608633711535,242.92754247696803,-3.1910348877722097,-0.6052851695365866,-1.1941119984799105,-7.08893744220472,-1.6276832119618247,-1.575855601939045,0
2025-05-21 08:41:42.947,7,Codo_Izq,81.91664488059148,-8.043635465472677,216.70403408174073,-8.532249854998746,1.6384797567160538,6.1807995062599055,-19.11635998796204,3.6310051057573505,12.147431644156534,0
2025-05-21 08:41:42.948,13,Rodilla_Izq,88.34383498786107,48.0726378080068,221.39771014805888,-7.6752426144466925,0.29288570243458406,5.388287971208907,-14.782289186509004,0.5730218434920225,11.484408218073149,0
2025-05-21 08:41:42.949,14,Rodilla_Der,83.49023742878805,50.4964096027049,230.6778818571789,-9.85751097134798,-4.589856482037103,-22.353158191155803,-19.1548512567394,-6.9112054693740586,-35.97632396083769,0
2025-05-21 08:41:42.950,15,Tobillo_Izq,98.23812793289325,83.80811142144665,222.19125432659715,-2.1162601238687215,-2.0877200808359424,-1.841261702164587e-05,-3.0637993829594037,-3.890792137101057,1.2668696216781967,0
2025-05-21 08:41:42.951,16,Tobillo_Der,89.93449342237996,84.04259359160582,230.2654250331812,-9.271900107303532,-9.81958607834123,-26.47340844709267,-17.943387357156166,-17.552303753893945,-45.552027659252985,100
2025-05-21 08:41:43.097,7,Codo_Izq,80.54474551795256,-8.55481392257623,218.42300361036686,-7.747362841821028,0.035856415014002295,6.825252689346505,-18.740780597233158,1.260052675319581,14.085674474012064,0
2025-05-21 08:41:43.098,13,Rodilla_Izq,80.43903806122506,45.533407952648325,222.6019169173597,-19.240224596151744,-4.577407573610441,5.474897082986072,-34.333237374262865,-7.116857625096807,12.270073424036926,0
2025-05-21 08:41:43.099,14,Rodilla_Der,80.52320564941856,47.237522494329376,224.15401888595395,-11.28864956317057,-8.598041298341204,-24.589192352944504,-22.9230519949047,-14.307744506390003,-44.1648901575572,0
2025-05-21 08:41:43.100,15,Tobillo_Izq,93.77884194556549,82.15309205862063,224.37850970613553,-9.482954327999925,-4.296636090755406,4.196634415429393,-15.257832281836423,-7.742889033717759,7.719178389448594,0
2025-05-21 08:41:43.101,16,Tobillo_Der,90.26769645764568,81.32984366831504,225.32033104344472,-4.770093198946125,-10.662501438715678,-24.168271675853337,-12.213936557103494,-20.636123780094774,-46.89251074952,100
2025-05-21 08:41:43.242,7,Codo_Izq,78.47213523770158,-7.365452852300072,218.31887542441294,-8.633504352355901,2.1960404314268893,4.036485014695959,-20.678005134341667,4.3088236357225025,10.83331176467377,0
2025-05-21 08:41:43.244,8,Codo_Der,73.07554894033491,-5.138409461196311,233.00777612075407,-15.975932925103985,3.371202858432014,8.630864400477503,-32.06821963205695,6.385522874085874,20.229564654374776,1
2025-05-21 08:41:43.245,13,Rodilla_Izq,70.57520305398442,46.00278747598566,223.39923511180493,-28.649353712108567,-1.8155214436808527,4.855613342102081,-51.76482223248306,-3.959647774018532,11.92814154914779,0
2025-05-21 08:41:43.246,14,Rodilla_Der,84.12585389459963,48.66506351015006,232.459323969732,-0.6605881231392094,-2.536418310800599,-0.15844070389967796,-8.620850037180528,-6.929811382583385,-11.978587395916236,0
2025-05-21 08:41:43.247,15,Tobillo_Izq,80.25550911860994,83.29291898664833,224.91725961055565,-29.0917567265464,-0.5730885054185327,3.454798334626367,-46.45175173299507,-2.9290162658044148,7.315173603465372,99
2025-05-21 08:41:43.248,16,Tobillo_Der,93.25945462000443,83.6891689866557,233.85809702058322,2.0731772306171714,-2.359504369101636,0.20687288462523235,-2.273877815984573,-9.872730637639265,-14.185166635879547,0
2025-05-21 08:41:43.402,7,Codo_Izq,72.97685348651157,-5.650109909367904,216.91557626594042,-14.671548127588554,4.1660800910097295,0.45196091173954217,-29.645901701121424,7.35766941480167,5.74077983024362,0
2025-05-21 08:41:43.403,8,Codo_Der,64.03625712100892,-3.396449548093247,234.63300759920276,-26.106983031259276,5.166697070888706,8.281240885166863,-50.02346094905898,9.699752081499508,20.191770360614207,100
2025-05-21 08:41:43.404,13,Rodilla_Izq,62.458220231696174,47.194692949470294,222.77113406790366,-30.56258228818721,0.7991421233711078,2.1812809683423713,-58.46265979560011,-0.3905469426302193,8.303310898053953,0
2025-05-21 08:41:43.406,14,Rodilla_Der,82.93614730691331,49.488822155969444,236.85881880299883,-3.0239841258869533,-0.3902953135836093,6.054808001132242,-10.888921457883553,-3.861306241125439,-1.318373407998095,0
2025-05-21 08:41:43.407,15,Tobillo_Izq,64.26725702720395,83.49389888185337,224.2948112064145,-43.17914806167985,-0.18780669596878724,1.1575894275669452,-71.47242372328955,-2.1605549902224213,4.3621465061223725,100
2025-05-21 08:41:43.408,16,Tobillo_Der,93.93730106168779,85.5058419571689,239.2802640875729,1.8125005481653567,1.047555509934424,7.690919771033866,-1.3994430227548855,-4.47037668591704,-1.2138391784529325,0
2025-05-21 08:41:43.586,7,Codo_Izq,63.64215577011787,-5.231343365007074,213.52219697439543,-23.544637059134075,3.136733562954144,-4.453002049340496,-42.53899717764497,6.368517979332481,-1.7646347190655343,16
2025-05-21 08:41:43.587,8,Codo_Der,54.69074079976434,-3.873574250933488,230.08950037803265,-30.95979082924667,2.180677038552362,-2.416599341925192,-59.121438907693815,5.793790796599291,4.4571157269941875,100
2025-05-21 08:41:43.588,13,Rodilla_Izq,54.54126959231288,48.38445307703798,221.44571524502538,-30.93917919412332,2.126836492993747,-0.28187616986836567,-61.223229427401975,1.8138475905292966,4.38316035779315,0
2025-05-21 08:41:43.589,14,Rodilla_Der,76.69546431055376,48.885131352050195,237.19152994290303,-11.996652467642472,-1.4893452022370288,2.901106478358999,-22.44366056353269,-4.841755111174156,-2.9095787319087982,0
2025-05-21 08:41:43.590,15,Tobillo_Izq,53.076976413226035,84.62693287975128,224.27726875535646,-42.577741349162,1.4464507071633832,0.9029903672408882,-75.77778791356678,0.36835178013703773,3.723874858683352,100
2025-05-21 08:41:43.591,16,Tobillo_Der,92.66073280479215,83.41389688897293,241.88993479442712,-1.3558025662671536,-3.2464845869920644,7.103330484916875,-4.730631158394182,-9.110070811361773,1.3423258710116435,0
2025-05-21 08:41:43.742,7,Codo_Izq,52.50929623791248,-5.86490434174693,210.32188006628988,-31.46906367303766,1.1045339528959308,-7.010858755997491,-56.43241279494366,3.973590063833257,-6.731369924246783,100
2025-05-21 08:41:43.743,8,Codo_Der,43.511402529271024,-4.657114241722599,218.57426540457732,-37.066580403702694,0.26537712577929734,-18.959124376845946,-71.57580789900535,3.162201517442956,-20.233256680400935,100
2025-05-21 08:41:43.744,13,Rodilla_Izq,47.54147534792093,48.40347231682321,219.0375613832815,-30.476542303191774,1.1892215217005264,-3.3191620858794653,-64.1087105671213,1.1467918355876496,-0.44635177907181944,0
2025-05-21 08:41:43.745,14,Rodilla_Der,59.0029263939787,47.3675401362782,226.52268966097418,-34.00126192652234,-3.397176546979066,-14.79101540672018,-53.51834947999154,-7.293563034973779,-25.055809324973787,0
2025-05-21 08:41:43.746,15,Tobillo_Izq,46.71467524476566,84.09494428374224,221.30340437328735,-36.30084467662598,-0.08121837978078232,-3.6665038553415767,-73.4194778092057,-1.153056285147567,-2.588241033315566,100
2025-05-21 08:41:43.747,16,Tobillo_Der,79.85535518733253,79.45547770268924,240.3088887875481,-20.131274505110543,-8.242276624170417,1.094537646027507,-29.777923086500362,-15.788792371476035,-4.057083520833444,0
2025-05-21 08:41:43.898,7,Codo_Izq,38.00792748020798,-8.006649289930683,206.95967988157605,-41.25679036531057,-2.259953273271386,-8.850354758551848,-73.9168971872852,-0.6693536496831949,-11.025087303359122,100
2025-05-21 08:41:43.899,13,Rodilla_Izq,41.88046902703285,48.39844978276722,216.25409591572387,-28.517194984638955,0.6573293116700358,-5.688407590733525,-64.34191761802752,0.7444192259258906,-4.886583786208482,0
2025-05-21 08:41:43.900,14,Rodilla_Der,36.66644681790277,46.90912129013526,226.76419129820965,-53.68132360401732,-2.9389356186493183,-8.899626166993693,-85.6919885985211,-6.976842308202168,-19.440755936135226,15
2025-05-21 08:41:43.901,15,Tobillo_Izq,44.412644807065305,86.5917568804808,222.02002007241407,-27.180722967360783,3.5206898101657456,-0.9110031228224575,-65.04120253525264,3.8059175029204626,0.007376917330931043,100
2025-05-21 08:41:44.046,7,Codo_Izq,23.53958686117069,-8.239488441052103,204.86252230632383,-47.587421844187425,-1.4903420765516742,-8.310100089427014,-88.75196336547282,-0.4524783637154952,-12.328949989894348,100
2025-05-21 08:41:44.047,13,Rodilla_Izq,35.8412484576194,50.22361976469594,215.10302591429854,-28.254392538252677,3.0555865654607115,-4.859797183869777,-66.50223926006441,4.132464991598784,-5.384509953168321,0
2025-05-21 08:41:44.048,14,Rodilla_Der,18.484002098553297,50.61312003701007,227.60034906990845,-60.056225582732765,3.3939528613034757,-4.77669020568363,-103.95520955726262,1.333222751622107,-14.767318905412363,100
2025-05-21 08:41:44.049,15,Tobillo_Izq,43.2751007890479,87.49086280378833,222.56700159211925,-20.492145966912748,3.3498488624592944,0.3621021549441739,-57.91852512356701,4.4649819076948845,1.351563389687516,100
2025-05-21 08:41:44.050,16,Tobillo_Der,37.332639317206095,83.56934302149244,235.01017360946955,-74.85646313725823,0.6968043186386224,-7.622886905222756,-107.13106949362715,-4.914464769521162,-14.743868869718828,100
2025-05-21 08:41:44.203,7,Codo_Izq,10.073930047992206,-8.168168644201002,204.70440900174216,-50.26916940420178,-0.6370953521184988,-5.267327383711718,-98.52082179475904,0.1639504872874613,-9.756411182565174,100
2025-05-21 08:41:44.204,13,Rodilla_Izq,23.47206747209166,48.12242013593854,213.70024816807813,-37.534794434577925,-1.2705465418252877,-4.836978563766012,-80.65217278589044,-1.091825409773719,-6.52668425182386,0
2025-05-21 08:41:44.206,14,Rodilla_Der,3.708441951056086,51.332798683616375,228.5851433528061,-59.44539939766784,2.7738002872408805,-2.152273117625435,-112.07464319949166,1.6737699758142262,-10.965199778413297,100
2025-05-21 08:41:44.207,15,Tobillo_Izq,38.67486440381993,83.70628002813993,223.04514743783068,-21.69314379136062,-3.573517541875355,0.9961121550786238,-59.265121592642956,-4.201955802840198,2.1554652631641362,100
2025-05-21 08:41:44.208,16,Tobillo_Der,10.47874242202624,85.97560075185368,231.4328401804261,-84.41848260353152,3.4087945687209857,-10.185001012392636,-134.42550838274397,-0.2548215468960171,-19.0960057217172,100
2025-05-21 08:41:44.359,7,Codo_Izq,-1.2079930923721305,-7.367314655457555,204.6307549225509,-49.23046502598737,0.8927824781474759,-3.4771110609366116,-102.93907628346956,1.9561215861472994,-8.022137408503365,100
2025-05-21 08:41:44.361,13,Rodilla_Izq,2.186520555135882,45.64915531860953,211.34429168631885,-56.31472775292557,-4.332934818332003,-6.334328405182446,-109.43264667068456,-5.6021326877751285,-9.557844770045383,100
2025-05-21 08:41:44.362,14,Rodilla_Der,-8.49754165681163,49.20534945587589,221.59393228746177,-56.14270063968821,-1.6703102725588148,-12.292327536026095,-115.1428384288248,-3.4758871627256624,-23.971311613960943,100
2025-05-21 08:41:44.363,15,Tobillo_Izq,17.465518830284438,81.61869007629835,223.93873599348072,-46.79876512484827,-5.133168094311343,1.9790856354733,-93.35725592588382,-7.148676310641704,3.5745353481364024,100
2025-05-21 08:41:44.364,16,Tobillo_Der,-2.7445095061658704,84.44992201652232,228.71158065340725,-71.42700967198434,-0.6583978080235855,-10.533197467759763,-131.20425542071666,-4.33336563499461,-20.871332204985773,100
2025-05-21 08:41:44.511,7,Codo_Izq,-9.35854371972592,-6.839378951972012,204.61303580607984,-44.66930110427493,1.377750478981235,-2.4002078127466606,-102.02334945931621,2.6993254127177204,-6.822045783186205,100
2025-05-21 08:41:44.512,8,Codo_Der,7.854301267815124,-5.244551198303681,217.81725445305463,-78.27614669200071,-0.49570371903809285,-11.833541892141447,-132.44239681077386,1.7811076362497402,-15.370171440961384,100
2025-05-21 08:41:44.513,13,Rodilla_Izq,-18.11047324163118,46.708378398843806,212.10678217216696,-66.51615719428,-1.0080182375399063,-2.752639099486799,-130.56849679709777,-2.0399237448365084,-5.894265684766314,100
2025-05-21 08:41:44.514,14,Rodilla_Der,-13.791059828192118,51.26802083582074,224.63776567897506,-44.84901188179027,1.9304174131121976,-3.520737250399084,-106.1302956528979,1.2430408768366918,-13.603011433611742,100
2025-05-21 08:41:44.515,15,Tobillo_Izq,-9.134556941599811,82.9229744771596,221.29701085514716,-69.82286189744187,-1.1669038486552687,-2.626819263422367,-130.3729470752656,-2.817797234440511,-2.4006338080966323,100
2025-05-21 08:41:44.516,16,Tobillo_Der,-10.229018868657874,87.37137345832059,227.96891915506532,-56.81513033346676,3.5948700538563045,-7.983038981737173,-121.62938756899841,1.7950647155162152,-18.70398673614922,100
2025-05-21 08:41:44.660,7,Codo_Izq,-18.917155672087894,-5.510132548541739,203.95535887082474,-44.51333380947205,2.861429277431189,-2.7228454642375626,-105.51432672788638,4.903396511808429,-7.269918887157801,100
2025-05-21 08:41:44.661,8,Codo_Der,-15.396089723762252,-5.00986975866038,210.09103855192816,-83.76800225497134,0.2735897019933929,-18.580502395630422,-152.80714030356603,2.3664188516115345,-27.085837590193496,100
2025-05-21 08:41:44.662,13,Rodilla_Izq,-35.51660858636993,47.51155504945133,212.7804128507508,-69.086484175145,0.5236401084405133,-0.8433050168160112,-142.64780044249798,-0.06969437370455589,-3.571657618992321,100
2025-05-21 08:41:44.663,14,Rodilla_Der,-18.51640306809869,51.67588585273117,226.11403428960253,-37.822456931322435,1.6366701395245753,-0.7056534602432728,-99.72625031210423,1.4548915922677916,-9.255638766097324,100
2025-05-21 08:41:44.664,15,Tobillo_Izq,-33.57697036859363,83.79756844900261,217.96780773812375,-81.04627930073883,0.4844114535305242,-6.3874565350732695,-155.6497422224177,-0.6380015628990732,-8.268059882887584,100
2025-05-21 08:41:44.665,16,Tobillo_Der,-13.973870689956723,87.67309067816647,227.7482737030997,-43.48165364300553,2.326129529461532,-5.801115442832414,-109.31719218837713,1.2792732641730813,-16.322982278166496,100
2025-05-21 08:41:44.815,7,Codo_Izq,-31.092132373674033,-5.688701761277493,203.1128214376604,-48.532780004960436,1.5266430118863408,-3.1875741407959395,-113.58117591112754,3.5229480045008734,-7.941341078164965,100
2025-05-21 08:41:44.816,13,Rodilla_Izq,-48.575772455269984,49.43796979038387,211.7112340153952,-64.76855622692462,3.090478312798241,-2.3032075381203874,-143.87312930198706,3.6652855596827703,-5.382741064531351,100
2025-05-21 08:41:44.818,14,Rodilla_Der,-30.677080868925326,49.904294421548016,228.55980647173178,-44.84001693990979,-1.71986615806764,2.4461974514438634,-110.00859416733498,-2.6796813288136287,-3.8591304148979937,100
2025-05-21 08:41:44.967,7,Codo_Izq,-45.259857065693154,-7.35438345307767,201.77960575793915,-54.17880497667159,-1.4250903329179685,-4.1972516610944774,-124.77031669657805,-0.40104186618768534,-9.480838506114669,100
2025-05-21 08:41:44.968,8,Codo_Der,-29.821322410303562,-4.941377403445872,206.9693369300155,-74.82353441811993,0.4421731762867508,-15.875390043010615,-152.80714030356603,2.3664188516115345,-27.085837590193496,100
2025-05-21 08:41:44.970,13,Rodilla_Izq,-55.43257228542539,49.138311153628045,209.88141154316958,-53.78243893786041,1.3538085464258254,-4.283602593540005,-134.57246165980285,2.025877028507281,-8.258690178063562,100
2025-05-21 08:41:44.971,14,Rodilla_Der,-46.10921564546172,49.192361509024565,220.5013193004681,-53.97441900697943,-2.1108569463782794,-11.105896275794988,-124.97399222521007,-3.5325420078540897,-20.844205707732833,100
2025-05-21 08:41:44.972,15,Tobillo_Izq,-47.904285744937056,85.92513819312335,217.1489938909512,-73.63620802304095,3.325013125072094,-4.987980538574745,-156.2201391115019,3.5409637460104335,-7.77670624947007,100
2025-05-21 08:41:44.973,16,Tobillo_Der,-33.75419126626063,83.97998022765108,217.5418907221812,-59.70677779708326,-4.246534183730757,-19.323752286217797,-133.50625854736282,-6.939025546106432,-34.8288310531299,100
2025-05-21 08:41:45.138,7,Codo_Izq,-59.42445826960021,-8.027052347085663,202.07948909634885,-57.384975544831384,-1.6683858116383414,-2.3690061731996215,-130.90780895206893,-1.250249431485296,-7.154765657799796,100
2025-05-21 08:41:45.139,13,Rodilla_Izq,-58.79282124302338,49.17327989657107,209.38545368285187,-42.25360484820672,0.8566896947244427,-3.4600045172931537,-118.85165061543628,1.5705987669748476,-7.537755916841445,100
2025-05-21 08:41:45.140,14,Rodilla_Der,-63.508641133731295,50.75080071036373,224.47553434139633,-62.07914412638194,1.0037807399649683,-1.1655007553209418,-137.67454337158478,0.4287693394603975,-8.424384599151962,100
2025-05-21 08:41:45.141,15,Tobillo_Izq,-55.25172915338646,85.17487813113411,213.27995109592345,-59.128148954594586,0.728483704694915,-8.703099831181989,-141.01560083478063,0.7807889624482045,-13.613533301486193,100
2025-05-21 08:41:45.142,16,Tobillo_Der,-62.543347198136104,86.86773592991256,223.99277547868553,-82.29469655357524,1.6782352968164493,-2.5509572924101978,-166.89879752257474,0.5357271631992768,-14.17259612644828,100
2025-05-21 08:41:45.291,7,Codo_Izq,-69.0525035301074,-8.598548706367808,203.95376722596973,-53.19819131371034,-1.7449609995765074,0.9777448773732925,-129.62326747450646,-1.8543911679011702,-2.5252257617688,100
2025-05-21 08:41:45.292,8,Codo_Der,-53.43324357841571,-6.047354206505313,206.25261812582534,-84.13473802391538,-1.2171894132500203,-11.0127280947528,-173.70113164187117,-0.03998561522148325,-23.040688525890786,100
2025-05-21 08:41:45.293,13,Rodilla_Izq,-61.70133084362424,50.08920761219251,210.27994560568374,-35.055340910306796,1.8919857593943485,-1.0129915701684122,-109.03692348910744,3.102122965986584,-4.523474547463852,100
2025-05-21 08:41:45.293,14,Rodilla_Der,-74.75931581592616,53.2884193328924,227.99329939217955,-58.420717573799884,4.237431894495563,3.8470038598267995,-138.04369324820945,5.179958655988636,-0.8503056473465911,100
2025-05-21 08:41:45.294,15,Tobillo_Izq,-57.051303839909345,86.57253690493852,214.78536944498865,-43.44238528704003,2.468490584222772,-3.155263979842875,-123.31073959602743,3.3350342297683735,-7.634021016726769,100
2025-05-21 08:41:45.295,16,Tobillo_Der,-78.50232241613821,89.99453787242217,228.74240345051666,-77.57923163620708,5.437167929034578,4.486693852745987,-169.83932531363473,6.261702819939883,-3.572237426293876,100
2025-05-21 08:41:45.447,7,Codo_Izq,-75.97288772887171,-8.249177167637233,206.3048148340803,-47.050911935152826,-0.4785445025269411,3.6765110535475394,-123.6491470969093,-0.565835703868317,1.926855227244558,100
2025-05-21 08:41:45.448,13,Rodilla_Izq,-68.5913684405764,49.231564979274964,211.7488444809681,-36.5843304662256,-0.08336590467026322,1.2631716883410826,-109.17610256296902,0.7218961721126091,-1.1623105940357656,100
2025-05-21 08:41:45.449,14,Rodilla_Der,-78.93394606604011,52.300579560079505,221.11524065115867,-46.25288280116841,1.0195985394775486,-8.35414359999824,-124.7470774249864,1.7558055308373488,-15.769941347992457,100
2025-05-21 08:41:45.450,15,Tobillo_Izq,-59.290883603517834,84.52729195170257,216.50377150206535,-35.01176136222363,-1.5349645388910864,0.3386298302914792,-111.17939892329262,-1.607812161797428,-3.0245410012450566,100
2025-05-21 08:41:45.451,16,Tobillo_Der,-87.9662249273648,90.38260673500278,231.36687430034127,-65.9302911355985,3.7002527513053196,5.634986108040496,-160.33460814282375,5.183499667096929,0.3578779601777282,100
2025-05-21 08:41:45.615,7,Codo_Izq,-79.51400195486349,-7.803252507936518,208.28209446472553,-38.54110724253236,0.3800904546415254,4.749342586896136,-111.51154246479155,0.49589319723764924,4.574604378213947,100
2025-05-21 08:41:45.616,8,Codo_Der,-70.01870802002773,-6.252401531879984,204.0773876529197,-79.32109551197996,-0.8567347884685309,-10.418431738312098,-173.70113164187117,-0.03998561522148325,-23.040688525890786,100
2025-05-21 08:41:45.617,13,Rodilla_Izq,-79.07047925495038,47.39866621852385,212.1011242231854,-42.53283722970155,-2.6491583561741527,0.9764351400162269,-114.72508927214477,-2.9127227070686814,-0.8513773938620446,100
2025-05-21 08:41:45.618,14,Rodilla_Der,-81.14810910026756,51.575590347923416,219.91750211465478,-36.343907334536794,-0.42718023513549713,-7.075916500719048,-110.20826853817253,-0.07444865877654272,-14.918933330595396,100
2025-05-21 08:41:45.619,15,Tobillo_Izq,-71.19682481413506,85.87857027625921,224.49126566810267,-44.10258193508036,1.1245505399887703,11.549826711749835,-120.03786225270441,1.6368261898928105,12.82904296957984,100
2025-05-21 08:41:45.621,16,Tobillo_Der,-86.16061211509619,88.41808122386414,227.5681135594816,-42.84210927513769,-0.6922300463555694,-2.9658879934849742,-130.22712054653528,-0.10333820514448266,-9.086317679720631,100
2025-05-21 08:41:45.782,7,Codo_Izq,-81.31005466321507,-7.135575206438403,208.96199609042014,-31.003102828604103,1.1935498128697575,3.606007826527257,-99.4104675576355,1.6731099233052544,4.2356763829446775,100
2025-05-21 08:41:45.783,8,Codo_Der,-85.59034010433068,-6.395258838158537,202.02901475409465,-75.7212892583144,-0.6043635465869944,-9.971881780879958,-173.70113164187117,-0.03998561522148325,-23.040688525890786,100
2025-05-21 08:41:45.784,13,Rodilla_Izq,-85.0685618404826,48.93373563292619,211.96745792252278,-39.25669284957053,0.7397338493045418,0.17105252589534625,-109.50699660024071,1.05651551536249,-1.4109513629118284,100
2025-05-21 08:41:45.786,14,Rodilla_Der,-80.60751786963164,51.997859531110365,219.30317722409393,-26.470329194121064,0.411595430177805,-5.571865156439951,-94.25923540795301,0.8990148059731738,-13.408650470962971,98
2025-05-21 08:41:45.787,15,Tobillo_Izq,-80.20662302464768,85.0490450973289,217.6675832560159,-44.870049809265076,-0.5347256048905523,-3.4062211573910646,-120.09368638408392,-0.41025844629638364,-4.745559056464392,100
2025-05-21 08:41:45.788,16,Tobillo_Der,-86.68890067483048,89.60750031064455,230.0027601905646,-32.92652497685988,1.4042435894368455,1.310950671528713,-113.70826682811472,2.4693939353414796,-3.072032359271094,100
2025-05-21 08:41:45.941,7,Codo_Izq,-82.89114243338994,-7.2633023373814005,208.8330562602582,-26.085011781379915,0.528762152225121,1.8937548957605328,-90.24319665865252,1.004751217220567,2.7409788335114715,100
2025-05-21 08:41:45.942,8,Codo_Der,-85.80758228227867,-7.154624116700367,206.96257738733837,-51.88811563556623,-1.3910281297176872,0.3748062404049399,-145.80447429801026,-1.3427973317037551,-9.595093198477162,100
2025-05-21 08:41:45.943,13,Rodilla_Izq,-90.04131225457604,52.221064875172424,210.84165913802568,-35.80825178532323,5.215770156164438,-1.6862605764425236,-104.13825179382911,7.24349139686265,-3.636847862167887,100
2025-05-21 08:41:45.944,14,Rodilla_Der,-81.56374188380002,56.55538341677019,226.27187222500652,-22.578565062899752,6.891356647330681,6.256438221200164,-85.42324229018814,9.684096034443716,2.34918196592594,3
2025-05-21 08:41:45.945,16,Tobillo_Der,-87.19333404620711,92.37450018963614,231.6401038384058,-26.75828191092612,4.903790970803939,2.701414668854828,-101.45993049685003,7.392523471567591,-0.19541254135675779,100
2025-05-21 08:41:46.114,7,Codo_Izq,-84.95610936553742,-7.5081215129552765,207.20084424010128,-23.69007776221092,-0.01633447538280026,-1.2365398967432277,-82.89979405371027,0.32115786926807,-1.1543694330117353,100
2025-05-21 08:41:46.115,8,Codo_Der,-96.91176631407495,-7.414221671775478,206.88473712084811,-53.906617660747145,-1.1356694952505018,-0.8948642249423248,-145.80447429801026,-1.3427973317037551,-9.595093198477162,100
2025-05-21 08:41:46.116,13,Rodilla_Izq,-92.3644738519537,53.50110066191925,209.2004693031364,-29.823302181709053,4.920935076022752,-3.4952560138071496,-93.63187545000343,7.777125722670693,-6.163385265567207,95
2025-05-21 08:41:46.117,14,Rodilla_Der,-81.85638917000882,57.96130483811567,229.79425045918762,-19.06745148223856,6.100201784276819,8.149385866279417,-75.94307324471045,9.829917358871933,7.0441432854860295,0
2025-05-21 08:41:46.118,16,Tobillo_Der,-86.64788034351464,92.71591043764278,232.69851353174238,-21.32710297376783,3.436836611981351,2.7297287044654195,-88.4764924922784,6.19739387944308,0.9659191173040809,100
2025-05-21 08:41:46.277,7,Codo_Izq,-87.20102158775379,-8.3239813905198,205.00723463343576,-22.115552741007505,-1.1546834764177396,-3.8511713703267683,-77.69371944924977,-1.2646867023950095,-4.99182795918467,100
2025-05-21 08:41:46.278,8,Codo_Der,-107.56373838688364,-7.6159224872262765,206.61367735626615,-54.276565514791606,-0.9473128309332913,-1.7149956268692996,-145.80447429801026,-1.3427973317037551,-9.595093198477162,100
2025-05-21 08:41:46.279,13,Rodilla_Izq,-92.65189733911042,54.31224037939469,207.1679734514591,-23.163425323743198,4.199170853674212,-5.144784493144598,-82.42625638442436,7.605296988799389,-8.85043001887558,0
2025-05-21 08:41:46.280,14,Rodilla_Der,-81.73726189933353,58.83547260210799,230.4478978182969,-15.891862361283456,5.03376992727641,5.407394842611241,-67.78144385582735,9.357258854340897,5.5703217415797806,0
2025-05-21 08:41:46.281,16,Tobillo_Der,-85.89038275129984,93.67526694295093,233.06208901764174,-17.207379201042976,3.572102665059188,1.888285082003339,-78.04415284708118,6.820154411498886,0.7883008077377762,100
2025-05-21 08:41:46.435,7,Codo_Izq,-89.42212440550836,-8.248074724129749,202.35526059770922,-20.837243842212054,-0.5509107581310522,-6.10767071019444,-73.26577291916082,-0.7291366812842917,-8.833773097127459,100
2025-05-21 08:41:46.436,13,Rodilla_Izq,-90.93909462501387,54.909562072073776,205.0804549054145,-16.08535518172617,3.545264533834633,-6.259240612085962,-69.91117819581524,7.281509014067198,-11.100466943237363,0
2025-05-21 08:41:46.437,14,Rodilla_Der,-82.43466730042434,60.87141413067404,229.66912756425705,-14.786685406725995,6.1796625225401645,1.9354376085287572,-62.559034587743085,11.528896877200339,2.248162855138916,0
2025-05-21 08:41:46.610,7,Codo_Izq,-91.2545089728422,-8.113876665434967,199.61775201610504,-19.323663439951883,-0.12604860313122426,-7.57078941863774,-67.58329440808637,-0.26099756900451354,-11.80402634573848,100
2025-05-21 08:41:46.611,13,Rodilla_Izq,-90.54992749853118,54.75036463177564,202.95002658753864,-13.654228974164555,2.0876819127285913,-6.9899918281515525,-61.63590258193334,5.556282136142649,-12.776548194662103,0
2025-05-21 08:41:46.612,14,Rodilla_Der,-80.51601633660249,57.393708618958584,219.92588676275278,-10.127680780443733,-1.0964095595630434,-12.969890380537333,-51.97971216974931,2.3587911079206076,-17.342496866928872,0
2025-05-21 08:41:46.783,7,Codo_Izq,-91.56797869606243,-7.648518846174998,197.77071953842082,-15.914101190298233,0.5849246095517322,-7.242325723268173,-59.787549612467735,0.6810950727020146,-12.481590427336398,100
2025-05-21 08:41:46.784,13,Rodilla_Izq,-89.43325327188298,54.05651590161065,202.07059771733407,-10.712344863640423,0.5005286126160382,-5.689248121817858,-53.15890790796574,3.3688720348701064,-11.76371355253703,0
2025-05-21 08:41:46.785,14,Rodilla_Der,-81.6278567464688,57.11912512484177,223.73413308165343,-11.355887915735872,-0.6523153787669844,-2.113340777555022,-49.2317692260013,2.1292597558840707,-5.2138545482558545,0
2025-05-21 08:41:46.931,7,Codo_Izq,-90.57431662031365,-7.228580247709117,197.3815333114661,-11.574802771067333,0.9488012643600358,-5.188400616018877,-52.11270714522035,1.3098118732515327,-10.916834039378465,100
2025-05-21 08:41:46.932,8,Codo_Der,-117.13558681013899,-7.769955571104038,206.25716587405043,-53.020932538617636,-0.8015143751509202,-2.189415122883745,-145.80447429801026,-1.3427973317037551,-9.595093198477162,100
2025-05-21 08:41:46.933,13,Rodilla_Izq,-87.9302680851522,54.662296221422764,202.03675471137146,-7.722389128591251,1.4098228309584888,-3.8563824592789686,-46.11658771502766,4.323344199341079,-9.969966591786665,0
2025-05-21 08:41:46.934,14,Rodilla_Der,-82.05398567631444,59.711689308201954,225.77427524421594,-10.465672654975563,3.593775176361365,1.4438489646357493,-45.8044383132642,7.263103716865622,-0.5763704326860504,0
2025-05-21 08:41:46.935,16,Tobillo_Der,-89.26985755439307,94.27513283080141,233.3486565242899,-20.088785269610405,3.2033910114234763,1.4030457722298084,-78.04415284708118,6.820154411498886,0.7883008077377762,100
2025-05-21 08:41:47.089,7,Codo_Izq,-89.80921589434037,-7.131354762834462,196.91128042246044,-9.16506622929236,0.7091935843033226,-4.136159502736312,-45.79659177316259,1.1757193272450732,-9.972752977459324,79
2025-05-21 08:41:47.090,8,Codo_Der,-127.31678819858166,-7.913141884153262,205.79225359534874,-53.21910251592419,-0.7093752102858296,-2.5923913699028454,-145.80447429801026,-1.3427973317037551,-9.595093198477162,100
2025-05-21 08:41:47.091,13,Rodilla_Izq,-87.23297732921502,54.58771722338654,202.2975515012442,-6.892891401634116,0.9562077455308495,-2.3617828052678136,-41.26306869169708,3.639428739638338,-8.033532459631147,0
2025-05-21 08:41:47.092,14,Rodilla_Der,-81.9273784639656,60.543548147178406,226.09700150802806,-8.983969981679396,3.5704551943239013,1.0948866032274527,-41.227151485677965,7.60302881440899,-0.37739143409064224,0
2025-05-21 08:41:47.093,16,Tobillo_Der,-93.41119714955404,94.8654950717685,233.5798551741864,-22.68231133322741,2.9956759263287296,1.0692017330271835,-78.04415284708118,6.820154411498886,0.7883008077377762,100
2025-05-21 08:41:47.247,7,Codo_Izq,-89.65882227193998,-6.961986156196362,197.4507676954757,-8.32775366227523,0.6882429637411785,-2.080634597553578,-41.51852132228495,1.2584401848799818,-7.380194765270199,9
2025-05-21 08:41:47.248,13,Rodilla_Izq,-86.68125431480354,56.13038270403954,202.31038829505826,-6.257233392869105,3.0306852677229403,-1.8344247819409079,-37.01628292642227,6.280310213663823,-7.074960548394085,0
2025-05-21 08:41:47.249,14,Rodilla_Der,-81.44186328640225,62.09666589101737,227.61861561098627,-7.331571999144331,4.640185179092702,2.692769955533663,-36.46034989980625,9.352906416291063,2.2781222595260067,0
2025-05-21 08:41:47.402,7,Codo_Izq,-89.53976050823559,-6.898602614543755,198.43492866996436,-7.541864251593604,0.5334292772218344,-0.22037556423164537,-37.77704989565786,1.1447031196773936,-4.631496800179221,0
2025-05-21 08:41:47.403,8,Codo_Der,-137.24898691443957,-8.038399447498266,205.27884291480362,-52.981218745093756,-0.6414094433301015,-2.8496912884682026,-145.80447429801026,-1.3427973317037551,-9.595093198477162,100
2025-05-21 08:41:47.404,13,Rodilla_Izq,-86.40595839275193,58.31134363165176,202.5915783200822,-5.922508785829671,5.191519084697968,-1.1017214461661087,-33.70177526537078,9.516510131093156,-5.796017040101317,0
2025-05-21 08:41:47.405,14,Rodilla_Der,-81.01766615904604,64.46650075857563,228.50171815985706,-6.165276157681238,6.510039614459402,2.774445430744107,-32.53811927093621,12.40032647443759,3.148877934243193,0
2025-05-21 08:41:47.407,15,Tobillo_Izq,-88.54696797047204,84.96177319533204,217.08634194136835,-44.36347355762211,-0.41856227225792947,-2.8962556078187016,-120.09368638408392,-0.41025844629638364,-4.745559056464392,100
2025-05-21 08:41:47.408,16,Tobillo_Der,-97.83316339078671,95.40810394985871,233.75397802336093,-24.296196991826534,2.8326593851343578,0.8334747797575978,-78.04415284708118,6.820154411498886,0.7883008077377762,100
2025-05-21 08:41:47.559,7,Codo_Izq,-89.0733099239413,-7.044034552448322,199.08158553675878,-6.3391886910167035,0.1431576706260873,0.4157896659803548,-33.56655851991765,0.6615730215197,-3.166662121779641,0
2025-05-21 08:41:47.560,13,Rodilla_Izq,-86.28520158175904,57.78896667252937,202.9212457241099,-5.7091451898949845,2.55001044459375,-0.5690138727456457,-30.7827916456999,6.62490694090879,-4.655633736009077,0
2025-05-21 08:41:47.561,14,Rodilla_Der,-80.76116529172572,63.605236043641796,229.13850959304094,-5.517322628418544,2.9389921665226764,2.5242663011409423,-29.302824041438505,8.354009674960391,3.4671191487148865,0
2025-05-21 08:41:47.715,7,Codo_Izq,-88.31232985959126,-7.841081993931824,200.08763539600426,-4.9406376739610405,-1.0393537341049934,1.380501629616266,-29.280893585230615,-0.9831152263131213,-1.2191815791944824,0
2025-05-21 08:41:47.716,13,Rodilla_Izq,-86.48053977395368,57.38397913147228,203.4479185003732,-5.789796417390318,1.2148150517613392,0.0778616030162378,-28.660399230904265,4.870320962811833,-3.3201657672561575,0
2025-05-21 08:41:47.717,14,Rodilla_Der,-80.17698926722966,63.59063180143755,230.01022416212624,-4.42257884149523,2.1279116520648778,2.7841704896926274,-25.726000331597405,7.213260610907269,4.3345496240387185,0
2025-05-21 08:41:47.874,7,Codo_Izq,-87.53401946341396,-7.865423381196053,201.24925647546624,-3.8862775978639,-0.6120374013920523,2.232537198090962,-25.427452989261486,-0.6773327753507596,0.6852541772547893,0
2025-05-21 08:41:47.875,13,Rodilla_Izq,-86.58845856545024,56.49757650710264,204.19923065846405,-5.523079430203059,-0.2789799197932827,0.8283811415603176,-26.316754993614257,2.5987829186039315,-1.7662152561742943,0
2025-05-21 08:41:47.876,14,Rodilla_Der,-80.14480576535482,62.535191723230206,230.41654608719932,-4.407156672605951,0.11722195621091518,2.29723630564724,-23.610980508341207,4.256881018038239,4.151189856733908,0
2025-05-21 08:41:48.029,7,Codo_Izq,-87.24405675343509,-8.383531918272794,202.80899588491286,-3.719818104054741,-1.1105560064558142,3.40548890802529,-23.051729131203043,-1.505388283687953,3.090273110004625,0
2025-05-21 08:41:48.030,8,Codo_Der,-111.60166519029237,-7.919421228389851,212.6159737972948,-0.6189978927906793,-0.2504947748956517,8.556686071426212,-74.85905676397982,-0.8760483070459062,6.148949521327241,100
2025-05-21 08:41:48.031,13,Rodilla_Izq,-87.48231205362744,55.37727770521893,205.1374434748728,-6.310643481548394,-1.538367905500579,1.6073297457217501,-25.775368931198194,0.39079757292477213,-0.10968456285849659,0
2025-05-21 08:41:48.032,14,Rodilla_Der,-79.70592977822126,60.29566367505667,230.53627754781584,-3.5839433579353943,-2.8404011420512365,1.6400696976454745,-20.821503094263807,-0.3422283487230118,3.5849935284569714,0
2025-05-21 08:41:48.033,16,Tobillo_Der,-91.41657194440573,94.44566059730685,233.5865177429798,-9.157556984665812,0.5468095793025565,0.22037475163810286,-55.93101764252448,3.868887020117181,0.17949396340947477,100
