Timestamp,Keypoint_ID,Keypoint_Nombre,X_cm,Y_cm,Z_cm,V_x, V_y, V_z, A_x, A_y,A_z,Probability %
2025-05-19 19:03:36.082,7,Codo_Izq,42.87036525083406,-20.996512588592225,82.42512102352721,-0.1696610011637707,-0.4039006895319363,-0.04432449084160622,-0.030709099721226783,-0.07310711635100921,-0.00802285262971884,0
2025-05-19 19:03:36.259,7,Codo_Izq,44.52467843579786,-20.78732305313265,83.75520022788051,6.600680806982179,0.8337963930996625,5.307201432287733,3.001850193581513,0.4346081799595909,2.4002604362974247,0
2025-05-19 19:03:36.434,8,Codo_Der,39.961231698877796,-21.039063915320384,100.29912930184955,0.0664701710508375,0.013798483294194898,0.21637465658637145,0.008157380742787566,0.0016933833646622337,0.026554023089770586,0
2025-05-19 19:03:36.604,8,Codo_Der,38.889445423852905,-21.18677858783162,101.80102391243393,-4.425922759334537,-0.6099628763731272,6.203535441372224,-1.5426386478174314,-0.2131800367374533,2.123522589128609,0
2025-05-19 19:03:36.606,14,Rodilla_Der,43.88050126599039,29.535244007253198,123.00108237103012,-0.1910736461752716,-0.4787854286358471,-0.2610232159580422,-0.022884314240870753,-0.05734268656182014,-0.031261963215310044,0
2025-05-19 19:03:36.759,8,Codo_Der,32.937349555363035,-19.259013912505644,87.95888188843197,-21.619750450321906,6.63338548598524,-47.30414757227661,-48.11568968210718,17.76107123419816,-129.51381348980476,100
2025-05-19 19:03:36.760,13,Rodilla_Izq,43.714843303174305,27.650341685006612,103.64989984282171,0.06565300834467871,0.006437978076266234,0.024133364802399245,0.007188951820565143,0.0007049534420288888,0.0026425841131563735,0
2025-05-19 19:03:36.761,14,Rodilla_Der,43.16536279132803,32.262198005115565,125.00963253932125,-3.2200207610566465,12.268501077334646,9.037180378511001,-1.0506075705847693,4.145112933112472,3.0425562780997955,0
2025-05-19 19:03:36.907,8,Codo_Der,36.63675186037739,-22.056626422987687,97.97182536670807,8.01739708780646,-8.56684133656121,23.297563579437742,49.58275630576225,-34.49230616423192,112.96306683859461,100
2025-05-19 19:03:36.908,13,Rodilla_Izq,44.045880710145234,29.950528357587256,102.84251722769694,1.5527006694424879,10.784206064040143,-3.785065986767978,0.4753725868271941,3.351869900159959,-1.179393982731689,0
2025-05-19 19:03:36.910,14,Rodilla_Der,42.336921740069215,34.08683929874412,126.20584737899482,-3.5652036130037548,8.873526342993518,6.011768594705889,-3.808814752486743,3.8127671667292895,1.5965850862554882,0
2025-05-19 19:03:37.056,8,Codo_Der,38.50666740914819,-21.223663259442375,100.5565406452991,11.241271862192631,-0.7305271337095689,20.50400614226399,51.101543003043815,-6.448698889526309,89.07647622991217,100
2025-05-19 19:03:37.057,13,Rodilla_Izq,42.289719581254474,32.00569564830645,103.75128473819638,-5.932064096211233,9.380961388025188,2.4920584696639683,-14.985822865987451,6.5976920233161245,10.335251360548453,0
2025-05-19 19:03:37.059,14,Rodilla_Der,43.803345024995714,36.5615976406583,127.513750239664,4.79840678749581,10.82025261099614,5.877460298417868,22.850630457036182,18.418149125400983,6.808743917733201,0
2025-05-19 19:03:37.188,14,Rodilla_Der,44.6625913738654,36.4161599187476,127.75785101381457,5.571033134148236,2.8245077463118835,2.545197375504021,23.19039925165758,-3.0567485293317453,-0.5080671099243599,0
2025-05-19 19:03:37.312,13,Rodilla_Izq,41.45760271269764,30.645336589939824,104.77292160314975,-5.367440779967467,-2.9334248536792047,5.108530180587845,-14.657221096509899,-29.175777033775706,19.07757064883018,0
2025-05-19 19:03:37.313,14,Rodilla_Der,45.05294975558853,35.3589134314872,127.73660632100065,4.26700717094026,-3.0286614861038808,0.5930421129641169,18.281772826196935,-17.103034834903923,-3.8995674535801865,0
2025-05-19 19:03:37.452,13,Rodilla_Izq,40.981514693986846,29.527262018773598,104.66961665142094,-3.6148756602899885,-6.517001893822613,1.6390265507199244,-9.30037322042512,-34.69048988716362,6.135368320362899,0
2025-05-19 19:03:37.454,14,Rodilla_Der,45.356760105753736,30.414746904448478,109.53981670666414,3.3723592486989067,-16.792744879388085,-54.42216937063234,14.708466042433134,-50.354217504547925,-143.13886729283104,100
2025-05-19 19:03:37.584,14,Rodilla_Der,42.24766240483404,29.72382295306742,103.73703922388351,-6.0092563556425835,-11.219439555988824,-44.384983357849976,-7.221498238571748,-38.66441049030394,-127.51846775917579,100
2025-05-19 19:03:37.999,13,Rodilla_Izq,40.59101153088382,29.043468647177097,102.65728125214844,-2.739724215439149,-5.368985490130654,-5.98775672285997,-7.2144283063288945,-26.987629364985377,-16.696662968183055,0
2025-05-19 19:03:38.000,14,Rodilla_Der,36.77991078137729,25.66024513046261,101.22404007983585,-15.601772070212322,-16.59688483748789,-31.89931086807282,-28.603635021191543,-48.53819773910726,-104.03207820621492,100
2025-05-19 19:03:38.410,8,Codo_Der,30.529328059417924,-36.79492349639931,117.59405258513904,-19.4822784565803,-51.12888359246534,66.67840364952623,-38.6853980251765,-146.97168943469538,213.42358260759357,100
2025-05-19 19:03:38.411,14,Rodilla_Der,37.04796854872341,25.08603373016446,115.23592207072865,-8.106050971929394,-11.777464904457442,8.966447741711278,-18.741841675770075,-40.81885097537665,-29.71109960064156,0
2025-05-19 19:03:38.559,8,Codo_Der,36.64924886325116,-25.177541847570865,106.09193587207871,8.984903401514792,7.728008085752547,1.8032054866821736,25.720936674956334,-4.837030729533694,51.31317383932938,100
2025-05-19 19:03:38.560,14,Rodilla_Der,35.58104429970817,28.760957312168195,107.12937593492788,-7.732237042319413,-1.022489570105223,-14.595202504356799,-18.923511345161085,-21.693445944491955,-59.3695303346139,91
2025-05-19 19:03:38.674,13,Rodilla_Izq,36.29861749874741,30.945940669498974,101.85023354280263,-14.514580293151687,2.330814794208544,-5.548235159225887,-38.91403554134866,-5.1365065515053026,-16.70094670143106,0
2025-05-19 19:03:38.676,14,Rodilla_Der,36.02587907316072,29.702897415684795,102.75114175050062,-4.243398394418757,-0.2544849783293287,-19.247614637103037,-14.644458979027775,-18.178567608982725,-66.03268794477916,100
2025-05-19 19:03:39.081,13,Rodilla_Izq,35.37767280914525,31.19277769998476,103.0020954768257,-9.91789295070229,1.0387054212923243,0.12701675758182862,-29.49132758712291,-5.330974591553422,-3.6646124170721706,0
2025-05-19 19:03:39.082,14,Rodilla_Der,36.84972332208463,29.072219815070817,100.72045514041501,-1.680316198781311,-2.6978604503587196,-17.652145791436567,-10.524107049485561,-19.262291087395123,-62.48811808045358,93
2025-05-19 19:03:39.232,8,Codo_Der,39.769686652357585,-24.368079521130596,103.57174943651799,12.598856503827358,4.12717604676935,-1.5879352971548595,33.21392152234575,-6.447674009256943,33.818020207674195,100
2025-05-19 19:03:39.234,13,Rodilla_Izq,34.390808075048774,31.001861069331262,102.51390941620706,-8.053633086086917,-0.5159040286135398,-1.3932677178457056,-25.399762427076684,-6.686477139598152,-5.858361550352615,0
2025-05-19 19:03:39.235,14,Rodilla_Der,37.21770621504992,28.667932188114165,99.74291791458072,-1.0654669381506896,-3.56236787674317,-14.99255549517504,-8.744293977636207,-18.712325667159412,-56.672554025581505,2
2025-05-19 19:03:39.360,7,Codo_Izq,41.78087978809976,-27.1245487235853,86.06718347637673,-8.323994419323492,-22.997299987936177,9.860300242375207,-30.13592676107545,-58.81069213547527,17.279588488371864,100
2025-05-19 19:03:39.361,8,Codo_Der,39.75476618328763,-23.686300892263453,101.58189100301844,7.5562076996983425,2.7862086472731127,-2.722122015772793,25.158566044242136,-5.549146261260126,24.99564126318316,99
2025-05-19 19:03:39.362,13,Rodilla_Izq,35.47749662675688,28.60100175139174,100.48541841700728,-2.9391400735207367,-5.841844631376446,-5.360647522390862,-16.30416884047324,-15.656421706517252,-12.952727591213003,0
2025-05-19 19:03:39.363,14,Rodilla_Der,35.78726339442802,26.2968512931697,98.0539679547636,-3.4821685631751063,-6.985026123972059,-14.457347701336214,-11.519904757995018,-22.71946932424384,-55.15315747738811,3
2025-05-19 19:03:39.517,8,Codo_Der,39.758828002412656,-28.346339177969483,100.87233994527773,5.039726454618918,-8.812736724155592,-0.3420429851061025,19.954739178982464,-23.021198036067222,22.94331593585166,100
2025-05-19 19:03:39.518,13,Rodilla_Izq,37.79000952862654,28.699190357462562,99.01670924780996,1.9210857184084242,-3.4634545725176293,-6.080052823953847,-6.687888405055384,-11.740689595283964,-14.450296526765873,0
2025-05-19 19:03:39.519,14,Rodilla_Der,34.86759265980481,25.82082926915899,110.9491578739856,-4.06343216529077,-5.982601756077227,8.50899917427278,-12.016826454648829,-20.74775058144611,-20.643426036320754,0
2025-05-19 19:03:39.683,8,Codo_Der,39.810248218955174,-34.76849478141642,116.66738769655282,3.9145146792207828,-17.302907507792828,30.739372707453647,16.92349061503272,-36.28161338525772,67.33257414344963,100
2025-05-19 19:03:39.684,13,Rodilla_Izq,39.54814249903855,29.548588206126475,100.98966959043396,3.270021530722174,-0.9890304921784051,-0.3194879749631283,-2.5521588704534457,-7.455637116322837,-5.856045518028328,0
2025-05-19 19:03:39.685,14,Rodilla_Der,21.788851032410406,13.101995308325513,114.54290817629902,-22.811394485303722,-23.957376665668715,7.296877472988719,-37.65104332255694,-44.70816332299949,-15.479724027928249,2
2025-05-19 19:03:39.826,13,Rodilla_Izq,24.589297962374083,2.0567551836408455,100.17034007895663,-23.558215843497237,-46.76365143022139,-1.9956046551736608,-39.81930279163094,-73.45922579427652,-7.583850369653007,100
2025-05-19 19:03:39.828,14,Rodilla_Der,25.96928607283673,3.1958354634140065,110.71625153317572,-8.017617824405246,-30.268082217540236,-3.494654159300594,-21.509986337450307,-57.14807560955514,-25.200532357089394,91
2025-05-19 19:03:39.967,7,Codo_Izq,3.0125731009906502,-29.48003282984503,99.97373235065412,-152.41839936153625,-16.204525432127255,56.1342571307855,-529.7623155303035,-38.93149327899998,182.61176610069157,100
2025-05-19 19:03:40.118,8,Codo_Der,39.77133844785302,-38.56600370393396,109.34035044691832,3.1342997761224485,-17.25029270188561,7.03938073421971,14.86269757650212,-38.19177910631432,35.481394738203434,100
2025-05-19 19:03:40.120,13,Rodilla_Izq,11.647193210184161,-17.74350818109207,97.18642879220808,-34.90901251851361,-59.430566902747266,-6.330773108179025,-59.81142973157742,-100.0892366872641,-13.398921237703167,100
2025-05-19 19:03:40.120,14,Rodilla_Der,25.009259223811483,-6.731791232540017,105.64217705730096,-7.144879560014318,-34.250625665152626,-11.472677841688576,-20.48166016642402,-66.81956185054906,-33.9709178066855,100
2025-05-19 19:03:40.273,13,Rodilla_Izq,2.4877816114168807,-29.00628134809884,137.03798020343763,-35.62467124606671,-53.81450869761958,57.3351174353688,-66.34808332056832,-102.05030792169974,73.77577372133067,100
2025-05-19 19:03:40.274,14,Rodilla_Der,28.82209737968936,1.2117233638632392,103.76057140063489,0.4792709563992327,-10.285965154119816,-11.263432921209445,-9.876025170349571,-38.000138932732185,-33.377780095108825,0
2025-05-19 19:03:40.411,8,Codo_Der,34.04880840993121,-42.78529056035088,111.70241319305065,-6.581277146122586,-18.15769995619018,10.06166621788591,0.33595212562666,-41.60115248149811,37.913593459729505,100
2025-05-19 19:03:40.412,13,Rodilla_Izq,19.987267728811265,-5.666100950959699,123.11440197004175,3.635820125653528,0.6451770736688616,13.055188806790651,-18.394909651384104,-36.01619128973391,26.887548964335103,0
2025-05-19 19:03:40.413,14,Rodilla_Der,14.99668451620678,-2.5042641711875415,103.99237099299309,-21.228346281717585,-13.760598316295775,-7.965857013564971,-38.369848526007814,-41.99916251056211,-29.03653042062846,49
2025-05-19 19:03:40.414,15,Tobillo_Izq,46.38384039178984,41.266317822307855,105.79796142473602,0.3368128396757425,0.4792544580660515,0.39897875297216884,0.03286036417131782,0.046757350574697334,0.03892543743850616,0
2025-05-19 19:03:40.415,16,Tobillo_Der,19.767534696715135,24.319783757723776,136.25204223711413,-1.1087183017378361,-0.9202783870884121,-0.3965886967976079,-0.10816953176008705,-0.08978482817885333,-0.03869225714656245,0
2025-05-19 19:03:40.568,8,Codo_Der,34.54542140101212,-42.49742106938591,117.21473082693402,-2.186517511817576,-11.570538965390066,16.634567523029936,3.640795732562015,-33.70197748333052,45.45348429141191,100
2025-05-19 19:03:40.569,13,Rodilla_Izq,29.51832958048792,12.024408531689637,113.3719730967926,14.35052728582105,23.62969871035624,-6.140274448343195,0.511914564434381,1.0893960806349696,1.956232704840847,0
2025-05-19 19:03:40.571,14,Rodilla_Der,11.440167309474539,0.42858670931332554,110.4794424894818,-18.710458329136497,-5.845676625682207,3.3576928847888277,-37.88236514436603,-30.40693162546212,-12.293344892839134,0
2025-05-19 19:03:40.572,15,Tobillo_Izq,40.3938315673434,38.45382088809058,102.4415337883122,-26.676857657758767,-12.52294803601243,-14.94629832548112,-7.876965003295075,-3.7334315681943098,-4.436643811893055,0
2025-05-19 19:03:40.572,16,Tobillo_Der,27.91168814473229,41.11361391542491,133.69847066621287,36.265050619118114,74.79251327312201,-11.37697812196401,10.78053306036563,22.08156182253569,-3.299198338727379,1
2025-05-19 19:03:40.711,13,Rodilla_Izq,32.98721140094046,23.945420527722064,106.51328383140681,12.20135498417221,29.403088520321294,-13.078122614569807,3.396384194552702,18.56791342852144,-10.346080400107116,0
2025-05-19 19:03:40.712,14,Rodilla_Der,18.16646157871823,11.563767794361533,118.10011362445454,-2.2336986600945132,11.245606212094945,11.991863032203632,-17.61509565298293,-4.993252234342936,2.736215333026079,0
2025-05-19 19:03:40.977,13,Rodilla_Izq,24.430577032274986,26.310420374027828,103.08508792608455,-6.426375953282625,19.831718558625152,-12.551872346505135,-17.681286444264746,15.192671962772968,-13.72921482211348,0
2025-05-19 19:03:40.979,14,Rodilla_Der,26.048342424160786,21.15907478724316,122.97445245704198,9.340377086839343,19.698918148306777,13.584675922334783,-0.2547229500856538,12.048215073598897,9.590555972721866,0
2025-05-19 19:03:41.125,13,Rodilla_Izq,9.564908958063366,13.625106874892023,100.1297605294032,-27.054498659281776,-8.381156743001672,-11.643155830821726,-46.42649858919346,-17.86010306424751,-15.722557494462128,0
2025-05-19 19:03:41.127,14,Rodilla_Der,30.54188071516212,24.65417165839537,123.89410372091285,11.225228492473951,15.7217041247838,8.699128656045403,6.300314824155111,13.00338420103226,7.084822749379741,0
2025-05-19 19:03:41.128,15,Tobillo_Izq,7.3800209469082745,19.615455749928827,73.09264697864575,-122.38918228745585,-69.31429854480035,-107.09591627290854,-246.60942343038184,-143.31109117057179,-227.56422106218608,100
2025-05-19 19:03:41.273,7,Codo_Izq,-20.890109709955226,-21.879437990580623,96.80457800105638,-145.29500531862186,22.02315906500208,9.795498627414041,-476.5979669122765,81.41557452197782,26.612657350059266,100
2025-05-19 19:03:41.423,7,Codo_Izq,-33.64006471125335,-32.14937885429899,157.40366495284982,-106.38239012603884,-21.742791923044912,195.29603673898865,-350.6891178504638,-45.64082545460384,542.8422424382917,100
2025-05-19 19:03:41.424,13,Rodilla_Izq,13.362539709633655,25.597286660541283,140.3258114821205,-11.168398583786365,12.534106662001482,53.78904638699372,-28.882400941210843,10.287159515011233,72.56282276856925,100
2025-05-19 19:03:41.572,7,Codo_Izq,-18.882179945322193,-26.771339985849238,179.65795969186885,-15.503717821778379,5.290466632910077,157.9800980855023,-120.62978061936289,15.285464326463227,458.38956813350273,100
2025-05-19 19:03:41.573,8,Codo_Der,40.83897191727121,-31.1285099832896,110.45144786243206,8.895333291966114,8.95808674829532,1.4986657668818821,17.40116143691888,-5.560639995250252,25.109444593500253,28
2025-05-19 19:03:41.574,13,Rodilla_Izq,4.6542411621988276,12.028574688973107,129.95251573322213,-20.959203280790344,-13.559630329104312,16.358513553583443,-42.97114098489301,-22.19935072377028,32.55911936085845,0
2025-05-19 19:03:41.575,14,Rodilla_Der,33.229612355552995,28.93038940267143,122.76694994940777,9.956229412803138,15.081755539602375,3.057021065235267,8.310261618579878,16.797594028705667,1.8477520800727012,0
2025-05-19 19:03:41.722,13,Rodilla_Izq,0.78651324511423,8.60099298577872,120.77369268794958,-19.542444691191818,-13.539158986596245,-3.1570199056387427,-43.46120166695081,-24.57648315101348,7.544646766997911,0
2025-05-19 19:03:41.723,14,Rodilla_Der,35.06767668278097,27.287108008655988,121.18825813688387,8.218049998179385,6.151436273438134,-0.7663653288210314,8.83097211274933,8.227516475789141,-2.457618675607524,0
2025-05-19 19:03:41.724,15,Tobillo_Izq,14.752196248824452,29.47542393403193,97.44448285920896,-3.7529504936273637,19.13162286959917,63.63438335759523,128.1567708643711,144.13526532161217,337.21357573752675,100
2025-05-19 19:03:41.725,16,Tobillo_Der,32.22294106886719,42.41888200659595,104.6797838051306,22.079894487865815,18.738458809449316,-104.61799125725764,0.44242223004763126,-61.614161532716764,-227.58939976305112,100
2025-05-19 19:03:41.865,13,Rodilla_Izq,4.886113677954601,14.357067174052084,111.81886958883743,-7.0129778573102755,-0.012340496036923908,-14.330547055816073,-28.15613616495645,-8.017187175575309,-10.328730767188162,0
2025-05-19 19:03:41.866,14,Rodilla_Der,36.09097037217467,29.309878035066973,120.5786888931159,6.2699633361797265,6.719615070328105,-1.4962163517918123,8.318942930868662,10.433227147319837,-3.4481353299536748,0
2025-05-19 19:03:41.999,13,Rodilla_Izq,13.017419638904718,21.44944462320469,105.30273807735314,6.489313638700267,10.028724077197836,-17.770622040058427,-8.592183563343557,7.008642063297668,-19.74721490824367,0
2025-05-19 19:03:42.001,14,Rodilla_Der,32.18015609769556,29.201658747789963,110.6499023005923,-2.1065877875580856,4.017789130327317,-15.984143427260646,-1.8223433460601655,8.107363253671213,-23.803009626227812,0
2025-05-19 19:03:42.140,7,Codo_Izq,-22.26882995337439,-25.87309427890387,206.5000825128579,-22.762671439035287,5.212497374650848,155.8439754613152,-120.62978061936289,15.285464326463227,458.38956813350273,100
2025-05-19 19:03:42.142,13,Rodilla_Izq,19.39822342486038,25.795135650709987,100.22718881321498,12.099593125806656,12.044969347575423,-17.981828697741484,3.141515658517477,13.057222150640236,-24.762525934596955,0
2025-05-19 19:03:42.143,14,Rodilla_Der,28.413285594322037,28.123490197866815,102.88672843246444,-6.882217824109526,0.9995276421643235,-21.523639349205155,-9.125622356192395,4.456361844998404,-34.957826925023134,0
2025-05-19 19:03:42.293,8,Codo_Der,32.53003671049954,-28.2443325425261,99.13678633203202,-6.765153544723021,8.063975337820867,-14.08534629524827,-2.8397534131730104,-2.307905075211781,0.8277226446473485,0
2025-05-19 19:03:42.294,13,Rodilla_Izq,22.691726955535856,26.605795021526824,93.45706557657017,10.948276192705961,8.044973910812704,-20.89937901243117,6.131134207181896,10.578404219839062,-32.67485814396192,0
2025-05-19 19:03:42.295,14,Rodilla_Der,22.344107125588543,25.76547122240833,97.37324643629088,-13.235775282902619,-2.705683176094452,-21.56688354519084,-19.51793106109212,-0.9590730986040938,-38.83232579701115,0
2025-05-19 19:03:42.427,7,Codo_Izq,-26.400870454401954,-25.037605272176492,231.49205724596135,-27.246401776686287,5.082202653466055,152.07806610926554,-120.62978061936289,15.285464326463227,458.38956813350273,100
2025-05-19 19:03:42.429,8,Codo_Der,25.341839992726477,-32.20583073783782,103.20105642052216,-14.377826789803542,-2.0963687198366485,-0.8745731828191935,-15.67286411698816,-12.607230031572145,13.019768451091712,0
2025-05-19 19:03:42.430,13,Rodilla_Izq,24.561009891612567,29.24585306630444,91.86388796238735,8.76461563177142,8.843810632873932,-15.424168173040583,6.865207567984382,13.677877154084817,-29.50654577185397,0
2025-05-19 19:03:42.431,14,Rodilla_Der,18.482359202661026,26.47294610483491,104.91454912526524,-13.991166871799429,-0.35161526435701895,-2.4253030615063,-23.563755209272394,1.3215126655173042,-16.04025627444482,0
2025-05-19 19:03:42.568,7,Codo_Izq,-31.45955591782584,-24.16615522865703,257.5789493217926,-31.01262801041247,5.070523863349928,151.82684783194833,-120.62978061936289,15.285464326463227,458.38956813350273,100
2025-05-19 19:03:42.569,8,Codo_Der,19.73588808429317,-34.96582139765676,104.90363238973818,-16.754451539335562,-6.231435243485162,3.2277568575757463,-22.75236775945077,-17.45134378475788,16.53460595453752,78
2025-05-19 19:03:42.570,13,Rodilla_Izq,25.536130978766856,31.138881015368277,91.20296743459417,6.309664011062217,8.311994394516255,-10.963164958822782,6.1588506134916505,14.751146771446129,-25.65468715266878,0
2025-05-19 19:03:42.571,14,Rodilla_Der,15.221037159575673,27.06501956744803,109.73920264528964,-13.715948001702701,0.8387740538547521,4.801696329901523,-25.788606614451616,2.656772574008124,-4.72237341374942,0
2025-05-19 19:03:42.703,8,Codo_Der,16.7755196804265,-36.988625047784026,106.20241377298657,-14.614868208127751,-7.556196153586807,4.89987919549504,-23.765025276277754,-19.587138848667173,18.02297842209718,98
2025-05-19 19:03:42.705,13,Rodilla_Izq,26.343925007736935,31.038241251022693,91.44484418504861,4.843808705347697,5.145713182994646,-7.122037896613307,5.939208189075359,11.848676275820743,-21.472615044447043,0
2025-05-19 19:03:42.706,14,Rodilla_Der,11.522536786345352,25.397010985069784,111.17187852962154,-14.487488482574072,-1.90894914949068,4.170118369790247,-29.213299513212917,-1.196915313880897,-2.9602043848233754,0
2025-05-19 19:03:42.829,7,Codo_Izq,-36.28357926009364,-23.41216101241378,280.16127123667593,-32.27314947484719,4.8880111152454875,146.42285586028476,-120.62978061936289,15.285464326463227,458.38956813350273,100
2025-05-19 19:03:42.830,8,Codo_Der,15.712180311351124,-38.171954908724494,108.81470551973895,-10.863659505918518,-7.133642916977386,7.837349132244326,-21.74124751655994,-19.767345008071064,21.976955932535486,99
2025-05-19 19:03:42.831,13,Rodilla_Izq,26.210517022265144,30.44553332871195,91.8557045052232,2.7091039547711477,2.607186128980934,-4.6182596575555825,4.2472458672969085,8.986993024020359,-18.307959118815702,0
2025-05-19 19:03:42.832,14,Rodilla_Der,9.973488745445025,24.94396620664085,112.31287227842351,-11.946982382931651,-1.7544027114926424,3.6424454122977084,-28.153142053294278,-1.638241630322763,-1.5761423370692866,0
2025-05-19 19:03:42.967,7,Codo_Izq,-41.934665432097745,-22.585094499597655,304.94135392630005,-34.32809383331424,4.908834237216816,147.09582797047355,-120.62978061936289,15.285464326463227,458.38956813350273,100
2025-05-19 19:03:42.969,13,Rodilla_Izq,25.23565764890368,29.338969840394757,92.38431517582104,0.16701239728441186,0.30551991592433253,-2.940819627578301,1.2213123609252858,5.606139093047226,-15.379946884255595,0
2025-05-19 19:03:42.970,14,Rodilla_Der,9.565764959665733,25.29599170519797,115.6950605045388,-8.755320019821452,-0.44602430040691005,6.8459963086977895,-24.838046418465783,-0.30832977381217175,4.709487423694956,0
2025-05-19 19:03:43.094,7,Codo_Izq,-47.22793319088806,-21.8438145107917,327.1570103997853,-34.68688580406864,4.7866013931462374,143.46419814799043,-120.62978061936289,15.285464326463227,458.38956813350273,100
2025-05-19 19:03:43.095,8,Codo_Der,15.741303106925727,-33.88791194205831,103.77628481236145,-7.105788396228928,1.474718924488741,-2.1106379003373656,-18.33294679718297,-8.19571589320347,8.540650752966448,0
2025-05-19 19:03:43.096,13,Rodilla_Izq,24.446475581161728,29.791663300586286,93.9777498154645,-1.0404470492906308,1.2792674631553047,-0.19693114735689754,-0.571180375352599,6.41383215549922,-10.817578636139448,0
2025-05-19 19:03:43.097,14,Rodilla_Der,12.932607079981448,28.89911545940415,119.55111659087211,-1.1166354075115537,5.311713457581264,9.767815580406335,-14.627358698552817,7.698717930465419,11.169838704458272,0
2025-05-19 19:03:43.242,7,Codo_Izq,-53.68183123089812,-20.968111632186883,353.40638101932893,-36.77662139915017,4.93401211274671,147.90861104901208,-120.62978061936289,15.285464326463227,458.38956813350273,100
2025-05-19 19:03:43.244,8,Codo_Der,18.837835764293132,-28.952502465686443,99.01156271113162,-0.15540392234440467,7.608704405474888,-7.614918212516524,-8.848728006546338,2.2875883077200587,-1.3734096604137989,0
2025-05-19 19:03:43.245,13,Rodilla_Izq,22.559451423975194,29.79224364674789,96.77785790247724,-3.4544490096014324,1.1599352033083459,3.2941643148743536,-4.34778751211178,5.84747849308745,-4.370807822062701,0
2025-05-19 19:03:43.246,14,Rodilla_Der,17.45326401281526,27.66827509078004,110.15606495157677,5.188255839404656,1.2702581989250927,-8.93840514156975,-4.027568596121759,3.102807181146588,-12.809147233701289,0
2025-05-19 19:03:43.380,7,Codo_Izq,-59.885952718111376,-20.144265631610793,378.1047290056832,-37.36533847849492,4.926439311342163,147.698154371454,-120.62978061936289,15.285464326463227,458.38956813350273,100
2025-05-19 19:03:43.381,13,Rodilla_Izq,20.69552963788975,29.0347639681384,99.90848279128996,-4.908810237369853,-0.12016366236926021,6.065428046782759,-7.278049749490165,3.7323662813665544,1.5419927405864833,0
2025-05-19 19:03:43.382,14,Rodilla_Der,20.309069155808725,26.948195595122826,105.39798190281982,6.595986108266082,-0.23327003438124658,-12.729557108399929,0.7135729986903199,1.0925131637073129,-20.218249313165273,0
2025-05-19 19:03:43.514,7,Codo_Izq,-66.00185010482349,-19.343511628067343,402.1129930144609,-37.511688144613615,4.887463853739748,146.54098392438183,-120.62978061936289,15.285464326463227,458.38956813350273,100
2025-05-19 19:03:43.515,13,Rodilla_Izq,18.428599144558603,28.479503857774983,102.4407198683867,-6.488140836896738,-0.6126222819354213,7.006043564003252,-10.627211137541801,2.487314421490426,5.24244734748635,0
2025-05-19 19:03:43.516,14,Rodilla_Der,26.09942862114907,27.967811718439364,112.71768620537127,12.205655828933375,1.5386422157766837,3.338884558651899,11.356213540086074,3.355219062574098,-0.19187210985904457,0
2025-05-19 19:03:43.649,7,Codo_Izq,-72.15760963263548,-18.54539167907304,426.0438217931925,-37.645832029755816,4.864197750915291,145.85142031755493,-120.62978061936289,15.285464326463227,458.38956813350273,100
2025-05-19 19:03:43.651,13,Rodilla_Izq,15.990699010809374,28.881830276551536,106.62152034639544,-7.799630977362743,0.5168948276145058,10.30180680274021,-13.821282098310927,3.494426242248873,12.187702717519683,0
2025-05-19 19:03:43.652,14,Rodilla_Der,43.94243292195651,36.445467550531994,147.0875692892464,34.363070670786406,14.063788284826218,54.47954731180125,46.41244672723869,21.303305811843224,73.69763733067263,100
2025-05-19 19:03:43.815,7,Codo_Izq,-80.06302500923886,-17.52807994694006,456.54841283391494,-40.36072596035755,5.180027628208906,155.3284218139698,-120.62978061936289,15.285464326463227,458.38956813350273,100
2025-05-19 19:03:43.816,13,Rodilla_Izq,18.42086290018491,29.647284971297232,108.61224351199918,-1.0851503754734413,1.73250936964147,8.800682997420733,-5.407274585200389,4.852113671337806,12.432637577095313,0
2025-05-19 19:03:43.817,14,Rodilla_Der,43.53573251321869,35.06495984638029,140.24408346829654,19.138467835847756,6.197720703063257,20.88406524254602,31.911775330298127,12.690769912237673,37.380868250136736,0
2025-05-19 19:03:43.969,7,Codo_Izq,-87.74798894050794,-16.54411734830955,486.05400688115327,-41.312213942826155,5.28086498105714,158.35638764494593,-120.62978061936289,15.285464326463227,458.38956813350273,100
2025-05-19 19:03:43.971,13,Rodilla_Izq,23.469786849715558,31.775985602113522,107.43581604020468,6.620513156307125,4.456945115750064,3.4550351773521353,5.715210526492651,8.648569847193047,6.775507009292687,0
2025-05-19 19:03:44.119,7,Codo_Izq,-95.27005767508702,-15.584086452807592,514.8425892265136,-41.53938265611639,5.2958398550167685,158.80825989473848,-120.62978061936289,15.285464326463227,458.38956813350273,100
2025-05-19 19:03:44.120,13,Rodilla_Izq,28.7386455083057,30.92434681787012,104.23820757339645,11.54541025294439,1.6070113494687253,-2.548008069864995,14.492567453936308,5.287140449184277,-1.1152535393618868,0
2025-05-19 19:03:44.248,7,Codo_Izq,-101.62487037818204,-14.774690887847731,539.1143823823953,-39.959392157759126,5.085965786436222,152.51638967071304,-120.62978061936289,15.285464326463227,458.38956813350273,100
2025-05-19 19:03:44.250,13,Rodilla_Izq,32.490944656417334,31.501488805724694,102.34030369686343,12.605819568039237,2.0911488156034337,-4.225010835473956,18.97421946766822,5.968854165059896,-4.376581678950241,0
2025-05-19 19:03:44.390,7,Codo_Izq,-108.51511654289583,-13.898398189296863,565.39251877844,-39.961912944579964,5.079518036011547,152.32440116399607,-120.62978061936289,15.285464326463227,458.38956813350273,100
2025-05-19 19:03:44.526,7,Codo_Izq,-115.05884783890093,-13.067071202977832,590.3224108881398,-39.44729637743203,5.009571969484742,150.22777636412556,-120.62978061936289,15.285464326463227,458.38956813350273,100
2025-05-19 19:03:44.527,13,Rodilla_Izq,36.35084968853802,31.8831889339552,102.05332182440077,13.613257185153417,2.095789540115376,-2.878082948953131,23.14810196282171,6.058704982818336,-3.683297115793737,0
2025-05-19 19:03:44.655,7,Codo_Izq,-121.15415929508208,-12.29328437400365,613.5269002787649,-38.510443595472836,4.887543830668905,146.56899570119987,-120.62978061936289,15.285464326463227,458.38956813350273,100
2025-05-19 19:03:44.790,7,Codo_Izq,-127.48200295592164,-11.490410217614574,637.6037541869944,-38.40255792326255,4.871552082446592,146.08989573932618,-120.62978061936289,15.285464326463227,458.38956813350273,100
2025-05-19 19:03:44.792,13,Rodilla_Izq,39.75818028970412,32.07543291209215,103.82216725380962,13.78201402506902,1.8171680739071188,0.9772977463799051,26.032272039765978,5.743524303380901,1.0030196734771737,0
2025-05-19 19:03:44.938,7,Codo_Izq,-134.46502439648495,-10.60476518594804,664.1628406562538,-39.346458551196456,4.9895325708701606,149.62829363233155,-120.62978061936289,15.285464326463227,458.38956813350273,100
2025-05-19 19:03:44.939,13,Rodilla_Izq,42.54281914978323,31.256691203771148,105.500843421278,13.049680243260557,0.11045746168024156,3.1136678247305865,27.03083222795701,3.2833666693316887,4.26341794001876,0
2025-05-19 19:03:45.076,13,Rodilla_Izq,43.69921051394082,32.80425192633769,106.76976127959257,10.373108606044196,2.681657408193172,3.809075816941393,25.112763453255106,6.489628431289986,5.970958095886054,0
2025-05-19 19:03:45.216,13,Rodilla_Izq,44.451586931115976,30.733669041507483,108.11909364036515,8.279772298879593,-1.3111911594700385,4.4050047238489265,23.082811763468676,1.1245164949361017,7.586964444337733,0
2025-05-19 19:03:45.217,14,Rodilla_Der,55.29386883302413,34.9047387763666,135.1189333816087,29.794153821475064,3.83639248206046,5.535783344325138,50.50009040422803,10.240670340127426,19.5067976839156,0
2025-05-19 19:03:45.368,13,Rodilla_Izq,44.45828367847694,29.435160968208727,109.84492377141109,5.944117709859186,-2.486445789685962,5.360581460857582,19.841297362878613,-1.238684279209966,9.639956207352984,0
2025-05-19 19:03:45.369,14,Rodilla_Der,62.52660840711409,33.99015271527768,131.11888959021866,29.416458540432632,1.3371361565898143,-1.6912591715395073,54.92532347431754,6.83056591989686,8.824224001639319,0
2025-05-19 19:03:45.648,14,Rodilla_Der,60.07317268601241,32.393371394829096,120.00242155698577,15.111144438974877,-1.1614726373211706,-16.720380826839754,39.25213683065493,2.910802989671044,-14.091539082778397,0
2025-05-19 19:03:45.791,14,Rodilla_Der,57.01354443446995,31.839094347288416,112.08505378210597,6.072040460331367,-1.1493278399637576,-21.194001119365645,27.53191317972061,2.038661252794137,-25.32613352472873,0
2025-05-19 19:03:46.083,14,Rodilla_Der,53.660412845112205,30.711545781989937,106.72805565050345,0.2780440594522877,-2.0572662144831337,-20.32666305435696,17.990694295869318,0.0013795777353298178,-29.245002905046825,0
2025-05-19 19:03:46.250,7,Codo_Izq,-142.68891014989444,-9.562053658623531,695.4321643976269,-41.60282545503779,5.274308157641709,158.16854312609192,-120.62978061936289,15.285464326463227,458.38956813350273,100
2025-05-19 19:03:46.252,8,Codo_Der,28.40719003233455,-28.273093128249446,136.0757022070867,13.694130565816632,4.647472748228093,53.05220121746346,11.943110200668755,0.9627122427066619,80.68040917605765,100
2025-05-19 19:03:46.436,13,Rodilla_Izq,46.24226377858911,30.3986173253669,108.41009445177369,7.243650646839159,0.2600995482695087,1.127717043797201,20.512372017183978,1.747275423918047,4.274329798475846,0
2025-05-19 19:03:46.630,7,Codo_Izq,-153.01666297264416,-8.252869997558355,734.6926361852877,-45.486343645275156,5.7656075612640825,172.90208220343393,-120.62978061936289,15.285464326463227,458.38956813350273,100
2025-05-19 19:03:46.632,8,Codo_Der,34.700201641626506,-28.944386906037234,161.7042384654449,16.269583912001497,1.0261387798888697,68.59159836685306,18.908819489119058,-2.2806843904813503,108.89550792182641,100
2025-05-19 19:03:46.831,7,Codo_Izq,-164.47846096227644,-6.8001311549033945,778.2581550558449,-48.67026965179884,6.168497788742102,184.9843061122041,-120.62978061936289,15.285464326463227,458.38956813350273,100
2025-05-19 19:03:47.086,13,Rodilla_Izq,48.09442943593776,29.835532792339425,106.08508213084818,7.7968738178384855,-0.4715544876808661,-2.3202605508510503,19.25372321054435,0.46807754334628515,-0.8536172358110754,0
2025-05-19 19:03:47.378,7,Codo_Izq,-183.805609273722,-4.350734430657694,851.7120396439614,-58.69847263857069,7.438819917162816,223.07955837373814,-120.62978061936289,15.285464326463227,458.38956813350273,100
2025-05-19 19:03:47.673,7,Codo_Izq,-206.31445598074413,-1.4982837443307058,937.252967988561,-65.94871290334024,8.357252718869946,250.62212114268027,-120.62978061936289,15.285464326463227,458.38956813350273,100
2025-05-19 19:03:47.676,13,Rodilla_Izq,47.893900524086355,29.525857092345316,105.17111661678268,5.0764106975602665,-0.48323418707471255,-2.0532907456327076,13.818698699084692,0.15615610221548665,-1.1700162700636496,0
2025-05-19 19:03:47.949,7,Codo_Izq,-229.03786773503077,1.3812627139866895,1023.6064791620465,-69.4076495122383,8.795356749169583,263.76028330042544,-120.62978061936289,15.285464326463227,458.38956813350273,100
2025-05-19 19:03:47.952,13,Rodilla_Izq,47.495983309591594,30.926056831674664,104.94713985901022,3.3120234351056106,1.604655930171705,-1.179878872519781,10.31699870984469,2.4625896071742877,-0.5877871794424953,0
2025-05-19 19:03:48.263,7,Codo_Izq,-256.8468271772902,4.905183458207429,1129.28387561936,-75.15340039236938,9.523289174318835,285.58997961056554,-120.62978061936289,15.285464326463227,458.38956813350273,100
2025-05-19 19:03:48.266,13,Rodilla_Izq,46.22026985283447,29.152910140922533,104.38021419329439,1.1717416077656322,-1.2353042069388094,-1.1567525940974874,6.3438628156850445,-0.9085779813695614,-0.8218108094913494,0
2025-05-19 19:03:48.581,7,Codo_Izq,-286.80363717995925,8.701225459399216,1243.1218140283822,-79.42887516304684,10.064957390919538,301.83386625505034,-120.62978061936289,15.285464326463227,458.38956813350273,100
2025-05-19 19:03:48.584,13,Rodilla_Izq,44.87798581286393,28.36042670073544,102.95981379480256,-0.16091568857827462,-1.4831966193037294,-2.181546011569009,3.644259412632587,-1.3786654166106596,-2.164005807820706,0
