Timestamp,Keypoint_ID,Keypoint_Nombre,X_cm,Y_cm,Z_cm,V_x, V_y, V_z, A_x, A_y,A_z,Probability %
2025-05-21 08:44:17.149,7,Codo_Izq,20.628542153989407,-16.86019698140916,247.45102261111487,-0.10526381515776566,0.025902944275938995,-0.3801681591732013,-0.019002027608096765,0.00467595119485913,-0.06862724712667381,0
2025-05-21 08:44:17.151,8,Codo_Der,-18.49091745025835,-14.745082065995533,246.55110978058144,0.031164386885328264,0.09818171825800004,-0.4155345018914552,0.00562573700275701,0.017723580682998452,-0.07501151336025517,0
2025-05-21 08:44:17.152,13,Rodilla_Izq,12.739264263637535,41.51732508581467,246.45022916218835,-0.004113003015045702,0.059337249306258714,-0.07956900136659016,-0.0007424716340268226,0.010711449588029371,-0.014363647740209162,0
2025-05-21 08:44:17.155,14,Rodilla_Der,-7.766503874833562,41.32797945302318,245.32512211512127,0.07363741869863556,-0.006702179591768695,-0.03978450068329508,0.013292889498668586,-0.0012098649611581751,-0.007181823870104581,0
2025-05-21 08:44:17.156,15,Tobillo_Izq,13.544889878867263,78.7152808026606,253.8493411574515,0.013444832140273191,0.1525033768845918,0.25197412539364883,0.0024270360249891666,0.02752962519499954,0.045485899215034514,0
2025-05-21 08:44:17.157,16,Tobillo_Der,-6.271277073169648,79.4885535018807,250.9500143574307,0.07408752900448762,0.14648357297840922,-0.004422373764626103,0.01337414257168015,0.0264429414200559,-0.0007983186648023424,0
2025-05-21 08:44:17.354,7,Codo_Izq,20.595048404137774,-16.833116520260567,247.05357246202172,-0.11704013714873937,0.0947833170114846,-1.3911005160159229,-0.037749584934856306,0.0397280413054031,-0.5830741158125163,0
2025-05-21 08:44:17.355,8,Codo_Der,-18.94840293166885,-14.784524019483749,247.2166396763766,-1.6024448345512188,-0.13840213230275208,2.3321277744842637,-0.7440417237830103,-0.07899711763797633,1.139966574189928,0
2025-05-21 08:44:17.357,13,Rodilla_Izq,12.703459450573574,40.99604394650956,245.75755930291632,-0.12539732674670004,-1.8259651953977578,-2.4259014707202526,-0.05721308617606941,-0.851502409976004,-1.106828299293262,0
2025-05-21 08:44:17.358,14,Rodilla_Der,-8.15575106713874,41.25297190929904,244.8798732772342,-1.3635473482255613,-0.26269997190963,-1.5594012468386984,-0.6403884296475679,-0.12015341783260798,-0.7132371892470368,0
2025-05-21 08:44:17.360,15,Tobillo_Izq,13.537040961078077,78.25198255773135,253.70224194679696,-0.027526097807765715,-1.6231192983696328,-0.5158758657788456,-0.014772840599650974,-0.7723025375837415,-0.27686277900993816,0
2025-05-21 08:44:17.361,16,Tobillo_Der,-6.256085742313361,78.88879305764475,250.35662710503965,0.053016005808301486,-2.101068798424496,-2.078354653703909,0.013024946493866969,-0.9918592241668499,-0.9580951084791969,0
2025-05-21 08:44:17.558,7,Codo_Izq,20.573677946053245,-16.8155273513155,246.79542258114336,-0.07630983908492787,0.06340617112767215,-0.9305894766650097,-0.006180900782761449,0.015007555256326882,-0.22026046903025354,0
2025-05-21 08:44:17.559,8,Codo_Der,-18.629110651369793,-14.794973359754104,247.38886806421823,0.9310666546950412,-0.04454241263413522,0.7236792018241947,5.436937035080529,0.10322435290410674,-1.9290362553149916,0
2025-05-21 08:44:17.561,13,Rodilla_Izq,12.674844662449248,40.867305278529955,245.2039856471129,-0.10164201047701359,-0.5436333643048687,-1.9663377928399965,-0.07342344254557294,1.6003411997125625,-1.420429301626339,0
2025-05-21 08:44:17.562,14,Rodilla_Der,-8.18770507735952,41.231225579022286,244.7507858841095,-0.1972587535247426,-0.08853878424884241,-0.5255710137599267,1.7897658278371007,0.20206787503360524,1.1994858392363563,0
2025-05-21 08:44:17.564,15,Tobillo_Izq,13.517217772953806,78.09990210129372,253.33072890460994,-0.06658380584390118,-0.6070010715588058,-1.247869521006703,-0.14414460880801921,1.059240880491199,-2.7014626404900075,0
2025-05-21 08:44:17.565,16,Tobillo_Der,-6.283968498789706,79.20124207681316,251.4663851434743,-0.08808232062945526,0.8736786181049899,3.473802391718523,-0.3506636398819498,6.125585011427263,13.542392265656396,0
2025-05-21 08:44:17.758,7,Codo_Izq,20.59248831065744,-16.830842328894807,247.02019497659313,0.05941575664271196,-0.04759678382535393,0.6985608082497854,0.3388915836858684,-0.2705192344776174,3.9703131156342106,0
2025-05-21 08:44:17.760,8,Codo_Der,-18.507455843314435,-14.779206433953183,247.12401763617734,0.8376381434029826,0.058459662960179765,-0.9972006721709336,3.697449350540675,0.33154786928723384,-5.675733488232427,0
2025-05-21 08:44:17.761,13,Rodilla_Izq,12.651581349695974,40.8194953055804,244.75394013110298,-0.08650012213658545,-0.06130532578316194,-1.6734070729631476,-0.08890357503530127,1.8911680858117081,-1.719903597833504,0
2025-05-21 08:44:17.762,14,Rodilla_Der,-8.19922329900423,41.788816460277836,245.91097482939006,0.08590741370279119,1.86790608642567,3.9314550561396904,1.7112441083714,5.973756811520999,13.740042559855935,0
2025-05-21 08:44:17.763,15,Tobillo_Izq,13.544519850454709,78.28578843032271,253.84240633040037,0.07790980508396288,0.6746884501825603,1.4601338857044737,0.2948514913640961,3.9477476372899747,5.525911062506996,0
2025-05-21 08:44:17.765,16,Tobillo_Der,-6.271036305219553,79.43396603466282,250.94595668776176,0.01413777910491287,1.255872982981011,-0.6132877006817433,0.02795911500903353,5.485601050044224,-1.4372379347826865,0
2025-05-21 08:44:17.934,7,Codo_Izq,20.997031686224073,-16.88129819547929,247.76071751003843,1.2570523803268916,-0.1810464289892799,2.657153059533326,3.429208853270927,-0.5718946701210985,8.393491553114776,0
2025-05-21 08:44:17.935,8,Codo_Der,-18.479109270303738,-14.764184785417068,246.87267500842916,0.5103116102136475,0.0805994318709533,-1.3616266235827583,2.3005414256834316,0.3286994844444804,-5.585765257950133,0
2025-05-21 08:44:17.936,13,Rodilla_Izq,12.663600973231834,40.87421821651907,244.98646839282614,0.01479279262662891,0.2992214363120543,0.28617721222625997,0.1382300390040419,2.1798231873071376,2.67415951852772,0
2025-05-21 08:44:17.937,14,Rodilla_Der,-8.173656063776708,41.48505320799857,245.62006407387838,0.22248505595283305,-0.14320628822389042,0.8394239598336297,1.584804456093197,0.22083941146938546,4.257522234346137,0
2025-05-21 08:44:17.938,15,Tobillo_Izq,13.536895160592248,78.6086861006017,253.6995094508078,0.012745243077500907,1.3908176747873253,0.23886289124898993,0.0893922239171053,5.088282233344483,1.6753297626556343,0
2025-05-21 08:44:17.939,16,Tobillo_Der,-6.272650659026282,79.2108200576744,251.01016292009885,-0.00033507304789194765,-0.04114269136612822,-0.020182605069796997,-0.008027222520858066,1.2873196538878595,0.10504926796710046,0
2025-05-21 08:44:18.097,7,Codo_Izq,21.075502718258242,-16.863154828948378,247.4944338713222,0.811459416981728,-0.04415360782635893,0.6480265574980845,2.3820160047340186,-0.2349232803471124,3.4478841511252547,0
2025-05-21 08:44:18.098,8,Codo_Der,-18.463243674820543,-14.746411380082312,246.5755244185528,0.35787678453302957,0.0946823884711361,-1.5937900853685323,1.704314787605982,0.3305824770461182,-5.595936186344744,0
2025-05-21 08:44:18.099,13,Rodilla_Izq,12.413852379096687,41.093311410232424,246.26409322326342,-0.6539208194436426,0.8367217740836316,3.7061668723887515,-1.413048013581161,3.044396225494169,9.976975248799949,0
2025-05-21 08:44:18.100,14,Rodilla_Der,-8.167387650479395,41.388776119262594,245.61099152607298,0.19993643515888476,-0.2783051144183142,0.5316486352029699,1.2738619278330432,-0.2427360006311754,3.0236978327200923,0
2025-05-21 08:44:18.101,15,Tobillo_Izq,13.531522785276403,78.36300133230384,253.59882395638343,-0.0040013060811710435,0.10909095276493175,-0.07498982432182139,0.03668601312647302,1.7941619519090595,0.6875449224862277,0
2025-05-21 08:44:18.102,16,Tobillo_Der,-6.272442592249479,79.43902221393307,251.00193504162527,-0.00016127992611960251,0.7011078197819732,-0.019123279635039785,-0.005774432641946419,2.6179310739857575,0.06635948966086716,0
2025-05-21 08:44:18.254,7,Codo_Izq,21.086522244151833,-16.856516225625832,247.39700148766232,0.48266411027361994,-0.017520044831539936,0.25713537122579216,1.6848948268112593,-0.15619909697499496,2.2924777403259187,0
2025-05-21 08:44:18.255,8,Codo_Der,-18.466165131334318,-15.037441847363754,246.53720329468342,0.24704452555939,-0.6353620341513097,-1.061659675465205,1.3211200951061775,-1.1503453176824885,-4.25226845890368,0
2025-05-21 08:44:18.256,13,Rodilla_Izq,12.591401657069667,41.085900590691146,246.2062272370399,0.09570867572874421,0.5004129661682389,1.8741414169445614,0.00947817022136821,2.2011832602882926,6.329379440161852,0
2025-05-21 08:44:18.257,14,Rodilla_Der,-8.147614316517446,40.98071680730731,245.08460143662785,0.21491060167849235,-1.0817288716050857,-0.8362093991114304,1.1430618888723225,-1.9688864904011283,-0.06856513468646863,0
2025-05-21 08:44:18.258,15,Tobillo_Izq,13.515332254762505,78.17550278691563,253.29539177342008,-0.03689171737651342,-0.26620675045264974,-0.6914000950873219,-0.03982111363453907,0.7106732280686525,-0.7463008965511363,0
2025-05-21 08:44:18.259,16,Tobillo_Der,-6.57198010421342,79.23950126880419,251.03562935175927,-0.7136336524666133,-0.03551527515927395,0.07933470981042377,-1.4362915222344281,0.9839287900790861,0.23776971801543528,0
2025-05-21 08:44:18.409,7,Codo_Izq,21.1188104837222,-17.161503534398154,247.82221733795808,0.3865161520625561,-0.6708240836796592,1.1930652038832026,1.4436569100186873,-1.3073238797694358,3.663121012780901,0
2025-05-21 08:44:18.410,8,Codo_Der,-18.75835806296684,-15.443952141984557,246.72451408289518,-0.4235085320343231,-1.197729915817638,-0.34370959065916973,-0.006602613299569349,-2.27702844138566,-2.7064515977091608,0
2025-05-21 08:44:18.411,13,Rodilla_Izq,12.93836690873129,40.21706191483898,245.90653253019266,0.7771205012812324,-1.4888224939431505,0.575258598400869,1.2817274111077919,-1.5277256783306328,3.773579892648956,0
2025-05-21 08:44:18.412,14,Rodilla_Der,-8.432358394022804,40.37085947156775,245.4522937130205,-0.4342042503481035,-1.8643833506003553,0.4715956987614741,-0.1287744315704087,-3.57146288007434,1.841158019703181,0
2025-05-21 08:44:18.413,15,Tobillo_Izq,13.522346097568628,77.61673535400189,253.4268405626859,-0.0019129335484951533,-1.2325902092802752,-0.035850931628590266,0.010844696982081313,-1.3050586462656601,0.203244117048762,0
2025-05-21 08:44:18.414,16,Tobillo_Der,-6.998394444141815,79.13749603249943,251.90194227926173,-1.292793077614978,-0.14935234009655982,1.8992841576130386,-2.5794771377677703,0.5687169169122153,3.4994438777502213,0
2025-05-21 08:44:18.560,7,Codo_Izq,22.753951095231997,-17.87405041409792,248.82871648492025,3.4594733072472015,-1.7681080956858652,2.7489786949463135,6.413209908072021,-3.206318869805634,6.161198523203485,0
2025-05-21 08:44:18.561,8,Codo_Der,-19.984810805139745,-16.179888475106765,247.61506170389808,-2.5590713288200315,-2.1085055493039584,1.3672832939534125,-3.7089038754546326,-3.9615180197001916,0.3941021143143639,0
2025-05-21 08:44:18.562,13,Rodilla_Izq,13.375104006427405,39.90728431196035,246.2636151635949,1.2723859065414018,-1.3347105140328535,1.243742054309342,2.25196863641755,-1.7419320860279435,4.496613690086878,0
2025-05-21 08:44:18.563,14,Rodilla_Der,-9.136308181899935,40.65154164298394,247.31260566109086,-1.5568439662202347,-0.5089246406057935,3.9654041455708238,-2.157215862807452,-1.6497310434202561,7.472486807438385,0
2025-05-21 08:44:18.564,15,Tobillo_Izq,13.787822892825844,77.09977963529902,253.455774372533,0.5167423512802867,-1.6152787514225022,0.058743715340999605,0.8569610546026446,-2.3106467139026377,0.30526878320245776,0
2025-05-21 08:44:18.565,16,Tobillo_Der,-7.182958078555477,79.18102483723797,252.5544672352247,-1.0994047817952728,0.07163214347742218,2.3330696347244233,-2.4509664082727327,0.7585798385985381,4.535955745999812,0
2025-05-21 08:44:18.714,7,Codo_Izq,24.397702280538418,-20.026136578016366,250.2641728208916,4.965752035908238,-4.883657712911228,4.270180946347817,9.219118948923189,-8.210741800414876,8.707791766006768,0
2025-05-21 08:44:18.715,8,Codo_Der,-21.09236906582417,-17.769595770326475,248.28913874799332,-3.3891395232560324,-4.084968811322561,1.8204795370949336,-5.5234848172428475,-7.268699842025666,1.6391650752169609,0
2025-05-21 08:44:18.716,13,Rodilla_Izq,13.633626816571509,39.718422608964026,247.51648989591368,1.1967827665048947,-1.053951422730132,3.1621328809647835,2.3463570747809714,-1.6372497143726905,7.234202922345188,0
2025-05-21 08:44:18.717,14,Rodilla_Der,-9.204205949889241,40.24073944789583,247.64895733574443,-0.9670563645450987,-1.094789347625641,2.9278792361091024,-1.616578699295098,-2.499098344205583,6.4754676055720966,0
2025-05-21 08:44:18.718,15,Tobillo_Izq,13.947231618035394,77.02813955504561,253.97862989897098,0.5785856033254032,-1.0117871744632945,0.98863132312356,1.0451610513812348,-1.7506052500969458,1.6925583293014004,0
2025-05-21 08:44:18.719,16,Tobillo_Der,-7.538509863182268,79.86479618778738,254.11936929342156,-1.3148936189464389,1.3219115035098086,4.185301066866235,-2.875539854592749,2.563313171465478,7.662490098476093,0
2025-05-21 08:44:18.870,7,Codo_Izq,25.05149272110725,-22.18330756472224,249.70250326170202,4.0945208016264445,-6.486232058774501,1.7083608042576195,8.666929310236954,-11.32625652284829,5.513233188398486,0
2025-05-21 08:44:18.872,8,Codo_Der,-22.19355282540348,-18.452126203618302,247.27038571317237,-3.8230459393366596,-3.5826167978186065,-0.760229700163698,-6.7407119516257525,-7.170861090204353,-1.5327220636638836,0
2025-05-21 08:44:18.873,13,Rodilla_Izq,13.51767504803519,39.69779183308729,248.4262133823713,0.5398771416294491,-0.6429329833034677,3.554302554479034,1.5532724522569477,-1.245831757109972,8.027039877379606,0
2025-05-21 08:44:18.874,14,Rodilla_Der,-9.008884320309598,40.711134575955064,248.99116389296452,-0.2413272472835671,0.08487729271435453,4.108210310692643,-0.7399561277358895,-0.8890623467653072,8.415633957830767,0
2025-05-21 08:44:18.875,15,Tobillo_Izq,14.258341515522744,76.29753508868644,254.2225453284987,0.8678607350410191,-1.8231795781830051,0.9929753055069374,1.5454541305118648,-3.075419181398901,1.85975150343299,0
2025-05-21 08:44:18.876,16,Tobillo_Der,-7.434355339875539,79.22251713358511,253.99997207124122,-0.6584467588802275,-0.26714082935784156,2.318923061882267,-2.0513183243376156,0.4541525261216539,5.591316073332532,0
2025-05-21 08:44:19.039,7,Codo_Izq,27.335866161186786,-18.580534884549124,252.79272181016867,6.207507243423334,1.7838875612596115,6.141509029559567,11.848663563838237,-0.800670198514716,11.410613491886687,0
2025-05-21 08:44:19.282,8,Codo_Der,-23.622258541343037,-14.33252652911122,246.2772726255533,-4.5560951300772725,4.255845597834727,-2.0424143438893454,-8.228097397743502,3.2834287913266653,-3.3581017137147082,0
2025-05-21 08:44:19.282,13,Rodilla_Izq,13.883611204663245,39.49484131225773,244.6926198738496,0.959860987899717,-0.7181102976024664,-3.5774739343822954,2.100309389724249,-1.4116776633709682,-1.607345598032751,0
2025-05-21 08:44:19.283,14,Rodilla_Der,-8.457066344863238,41.43337801481652,244.15081542290645,0.6946385196428507,1.0905553935618097,-5.0452588332765025,0.5663011793951145,0.6715680825089321,-3.830369125021644,0
2025-05-21 08:44:19.284,15,Tobillo_Izq,14.60179486897112,76.80123335318268,253.35033941334396,1.0658888905814712,-0.29081104477454794,-0.7666798406270582,1.9240534276559602,-1.2225274662730539,-0.44996670949872564,0
2025-05-21 08:44:19.285,16,Tobillo_Der,-6.82472241799114,79.63330388250576,251.88027733047645,0.4793658878545265,0.5753889644983917,-1.8015170976082622,-0.42673439030586025,1.427517676077267,-0.020541650049994864,0
2025-05-21 08:44:19.428,7,Codo_Izq,29.082024021471362,-22.46318340268071,289.3244728819501,5.523612763723601,-4.881601721559253,50.97950092053529,9.366049340555627,-7.97285934807116,64.27009833200384,100
2025-05-21 08:44:19.429,8,Codo_Der,-28.39142724274204,-22.292623260351462,287.69158677870405,-8.53921610550638,-9.040821238122563,53.25168639716544,-12.001334768531343,-12.38171746941826,64.08327700212469,100
2025-05-21 08:44:19.430,13,Rodilla_Izq,13.120680008529664,39.814822614981495,239.11502714246942,-0.45185546437842067,0.03733599070056101,-8.264092622780353,0.04365062244101825,-0.29050987927173977,-8.063797667711333,0
2025-05-21 08:44:19.431,14,Rodilla_Der,-7.58697674993667,41.47186726364116,235.79864464034904,1.3699054048270258,0.3749228929256283,-12.562084071415779,1.4512710217267015,-0.021400759672843717,-13.520264211494734,0
2025-05-21 08:44:19.432,15,Tobillo_Izq,14.427883950694959,77.32386692968814,250.8710232674439,0.30905647299630107,0.4170085909828072,-3.4704510891948632,0.7585985265517117,-0.06608189482730431,-3.8602929928298,0
2025-05-21 08:44:19.433,16,Tobillo_Der,-5.088326603572418,77.52977092383743,249.34170584924598,2.2910514091513305,-2.3970238870895764,-3.671228123985529,2.086323219048255,-2.4401674259360986,-2.9374730754909457,0
2025-05-21 08:44:19.584,7,Codo_Izq,22.608489545371334,-44.79488903264023,247.22200433782672,-4.664428393850148,-31.825804932670657,-22.499085275191547,-2.2411389987635193,-41.42432149540494,-14.947588562177756,30
2025-05-21 08:44:19.585,8,Codo_Der,-17.915953066778457,-39.180235444482555,257.8129502258336,8.042973610038558,-27.335379507942687,-5.704608495882586,6.624361093551492,-36.25595508914679,3.3598858133872866,0
2025-05-21 08:44:19.586,13,Rodilla_Izq,13.72126687645967,28.563455172707478,241.07504732729495,0.5485275549302593,-14.437990051471793,-2.371376184937582,1.0884289011148074,-17.822687570256353,-2.8461749668340195,0
2025-05-21 08:44:19.587,14,Rodilla_Der,-8.80885005485376,30.111522355546906,235.57944543289807,-0.7464992928806246,-14.383845847627963,-7.825037588526347,-0.8132063805873369,-17.810612423296288,-10.548175740285746,0
2025-05-21 08:44:19.588,15,Tobillo_Izq,14.7334635678483,66.19376027602107,249.23836974817146,0.6174000185190852,-14.071730503613944,-4.189650410584103,1.145047860118904,-17.505994639395652,-5.4860187962682385,0
2025-05-21 08:44:19.589,16,Tobillo_Der,-6.234229842565648,68.23307826628708,246.6779441835451,-0.1292801099608696,-13.349037195354658,-5.525875522948207,-0.2960047667987422,-16.293950182443442,-6.13825357922801,0
2025-05-21 08:44:19.732,7,Codo_Izq,21.928806385525316,-60.793439768452934,224.47591587485547,-3.45209495668791,-40.86310226701758,-42.69282722156088,-2.185275717792212,-59.2553883519296,-46.61509544312367,100
2025-05-21 08:44:19.733,8,Codo_Der,-18.58441985574363,-57.256067623004796,233.92674758376074,3.7711191429936717,-40.87406233753714,-34.08272303249349,3.452169000095072,-58.686519167759954,-34.59131219847056,100
2025-05-21 08:44:19.734,13,Rodilla_Izq,12.790662304072798,14.526093667614242,238.24568339843577,-0.8532523469561205,-27.392040267212213,-5.182552166061285,-0.5946007842909073,-37.077051932046146,-6.871359420907427,0
2025-05-21 08:44:19.735,14,Rodilla_Der,-8.7539321375251,15.874938427550685,234.2531916342647,-0.377070178203918,-27.626341268406495,-6.640939838756475,-0.5269383570101861,-37.40593633925343,-10.638488945297254,0
2025-05-21 08:44:19.736,15,Tobillo_Izq,14.821026034393773,52.14047513804932,247.5894203077851,0.5292986831265992,-27.199828857439595,-4.779395559758051,1.1184745293271463,-36.88121297773543,-7.081060587085875,6
2025-05-21 08:44:19.737,16,Tobillo_Der,-8.067374328107668,53.94411721294143,245.68298490326345,-2.5091398159296396,-27.037651024902747,-4.649998454829071,-3.2735821907702345,-36.25403784805037,-6.321563470273287,4
2025-05-21 08:44:19.890,7,Codo_Izq,23.101034668956164,-59.86262662776557,212.36443335030162,-0.2617401951386458,-23.993136780637965,-41.594499883330265,0.8795952189110614,-44.96078494899219,-54.98033331147843,100
2025-05-21 08:44:19.892,8,Codo_Der,-18.364188625759372,-58.01933138935168,220.5649134237936,2.4456390694361847,-26.270453150576465,-38.02926276291685,2.7146247570195445,-47.37462081121877,-47.808592108490686,100
2025-05-21 08:44:19.893,13,Rodilla_Izq,12.711456842092156,12.194855894862263,234.80873073291386,-0.5762087681240823,-19.89220934197318,-7.8623045671370635,-0.4833851219220339,-32.73962922989413,-11.311885212706628,0
2025-05-21 08:44:19.894,14,Rodilla_Der,-9.390788926811087,14.500566010150303,231.7175711119766,-1.1054826216348148,-18.72269240540646,-7.681760044200315,-1.5282760402046467,-31.316786654657054,-13.008883543599095,0
2025-05-21 08:44:19.895,15,Tobillo_Izq,15.955272568569903,49.975722970330516,242.16799100837298,1.917063833421289,-19.552583684874566,-10.411260366238137,2.9374429329647604,-32.309325977370484,-15.111926266803785,2
2025-05-21 08:44:19.896,16,Tobillo_Der,-8.599533710128295,52.8298641630798,241.10464921857675,-2.2479891033129626,-17.97366370582818,-9.12045653572664,-3.438164433224301,-29.897320933235548,-12.925412714887173,0
2025-05-21 08:44:20.046,7,Codo_Izq,23.34147389306589,-39.523581128444306,213.11899798306007,0.2944993383983275,13.06334407244167,-23.9628519409841,1.3762191987130403,0.2297213255967776,-40.494889516702735,3
2025-05-21 08:44:20.047,8,Codo_Der,-19.140108087649626,-39.48089286917882,220.16231734419543,0.3285083059752203,9.20552104437675,-23.22559703678332,0.531400225411061,-4.785783983846628,-36.62502849162746,0
2025-05-21 08:44:20.048,13,Rodilla_Izq,14.011038290108207,25.655460964426158,227.4085266054784,1.5137038388247486,6.443659101148871,-15.263621624025115,2.0777600721775284,-1.6196211675994334,-22.4009722990139,0
2025-05-21 08:44:20.049,14,Rodilla_Der,-9.962741177529239,27.764296603967892,226.350853350421,-1.478881146008424,6.858117275705647,-12.46162425071041,-2.22864005411343,-0.9238181563859662,-20.378640199144378,0
2025-05-21 08:44:20.050,15,Tobillo_Izq,17.07513164921606,61.025767336254454,236.98436650092495,2.7716975773795314,3.2428491152316132,-13.707349200022243,4.380607392077587,-5.72132101128383,-21.319322092972094,0
2025-05-21 08:44:20.051,16,Tobillo_Der,-8.243148185324268,64.11173757781032,237.5786359389215,-0.8923299955360193,4.550068755125636,-10.5461770231969,-2.0655197781591377,-3.388208846902547,-16.506873738263664,0
2025-05-21 08:44:20.203,7,Codo_Izq,22.948397106041504,-22.04026786964393,224.45004813459678,-0.2975871146269588,31.315586469291603,1.1650699447570547,0.5144860290142309,29.353807119278553,-11.039790329224843,0
2025-05-21 08:44:20.204,8,Codo_Der,-18.624259823235725,-20.170209091781988,223.7064686710872,0.9454228901192453,31.646565885149492,-9.307226334532354,1.39536477033317,29.051183978956097,-22.18105136371001,0
2025-05-21 08:44:20.205,13,Rodilla_Izq,16.968748150743433,34.910210752719976,220.2828143609475,5.155879815709507,16.192511768931514,-19.53642878997701,7.163926429803792,13.977795831275197,-30.798514361363807,0
2025-05-21 08:44:20.206,14,Rodilla_Der,-9.451151272498894,36.786451191468785,220.26245830700339,-0.17260474136155005,16.119370766495376,-16.531783316712716,-0.7715240222779987,14.095125112003817,-27.697035036552208,0
2025-05-21 08:44:20.207,15,Tobillo_Izq,18.69181587712292,67.22410804506154,234.10438856183188,4.039816753697482,9.90803147791553,-12.60319733131036,6.507531030081946,5.15186374755598,-22.188262228056296,0
2025-05-21 08:44:20.208,16,Tobillo_Der,-7.72278512698995,71.59571626618362,234.7161109754395,0.13318895644955867,12.58907146042472,-10.634752834858602,-0.7698346656581248,9.46959568180695,-18.39401316937366,0
2025-05-21 08:44:20.361,7,Codo_Izq,21.999990753486333,-17.817691264927323,236.01018081701284,-1.4645255704304956,23.577091344149018,16.249532982664306,-1.2266595570611276,27.23575128607491,11.04558326975842,0
2025-05-21 08:44:20.362,8,Codo_Der,-19.122015812286342,-13.793601479833773,227.39958878730167,-0.1455461522815009,26.82119161189665,-1.096279232975517,0.11989555499118709,30.971573254889776,-11.736870569271439,0
2025-05-21 08:44:20.364,13,Rodilla_Izq,17.791748974611014,38.55595130668779,219.0002474399618,4.282765771429756,14.195471668976829,-13.91068679800964,7.004254529911892,15.71643690078128,-26.58413528431646,0
2025-05-21 08:44:20.365,14,Rodilla_Der,-8.46860302722961,40.92063918547622,220.01615961226895,1.2686713787747361,14.878555577536375,-10.70903902901977,1.1841039838660818,16.79006241096023,-22.482160170461484,0
2025-05-21 08:44:20.366,15,Tobillo_Izq,19.042006110632137,73.08741589403712,234.95285951774713,3.01231848981064,13.626025141215582,-6.764489225809697,5.795720364165278,13.265122368237192,-16.19920036878178,0
2025-05-21 08:44:20.367,16,Tobillo_Der,-7.192354241581329,75.83783305771557,233.97421130135666,0.7587399386978972,12.943421568013196,-7.786604227960011,0.22565620853296253,13.555056874622693,-16.144603844442084,0
2025-05-21 08:44:20.514,7,Codo_Izq,21.370613564447062,-17.74607050120467,242.51069027003453,-1.7254276845084682,13.831584144997851,18.212565817857513,-1.987379301665158,19.78125104154293,18.60682950543648,0
2025-05-21 08:44:20.515,8,Codo_Der,-19.654285378854023,-12.547033527743045,229.94508809330134,-0.8322749516154362,17.42662024739901,2.1197676801371075,-0.8731055050076835,24.753607815164322,-6.205542004615666,0
2025-05-21 08:44:20.516,13,Rodilla_Izq,17.795197746593693,40.53101676420877,221.72689043346313,2.6833936452100273,11.073753641327075,-5.082062295883529,5.585171443834019,14.994346124267883,-16.572946698758038,0
2025-05-21 08:44:20.517,14,Rodilla_Der,-7.759246449410503,43.427083402076676,223.29005239491343,1.7441090712046754,12.269148224373751,-2.38651191214516,2.1590345339197614,16.873196469625807,-12.448780065207767,0
2025-05-21 08:44:20.518,15,Tobillo_Izq,19.189955407912052,76.8211295177313,236.74810922317732,2.176926947814425,13.136457975245227,-2.083276646723419,5.060509947914502,16.181244781864926,-10.345929619276042,0
2025-05-21 08:44:20.519,16,Tobillo_Der,-7.112646572655548,79.12001768248047,235.49589044001084,0.4991182414612367,12.179816944635268,-2.964922531342665,0.15072150210302432,15.79006777191312,-10.5211381397287,0
2025-05-21 08:44:20.668,7,Codo_Izq,21.774857968476404,-17.268459645408132,243.25923660180456,-0.40943869817166645,9.056733052711115,11.425235783160197,-0.6238061209019903,16.062163355967932,14.118913549751671,0
2025-05-21 08:44:20.670,8,Codo_Der,-19.499248707335664,-12.390478450200291,230.27300850546996,-0.24803994000903704,10.745768375448517,0.9219859220683159,-0.2958395914953509,19.197542691254338,-6.0590486737596825,0
2025-05-21 08:44:20.671,13,Rodilla_Izq,17.545184515387387,42.39527921304842,224.74512394113145,1.4155126191289713,9.336820240179792,0.4886640186933142,4.149791483464045,14.946696273637386,-8.716702836760547,0
2025-05-21 08:44:20.672,14,Rodilla_Der,-7.167791212173304,44.52739305775638,225.73862341304766,1.8867634313970056,8.95993424021096,1.3110315982915006,2.7411713485847526,14.918820619259712,-6.625141626175667,0
2025-05-21 08:44:20.673,15,Tobillo_Izq,18.624977859265293,78.59522673931615,238.29435398521736,0.6679258822036294,10.292064978272204,0.32903853818122575,3.172442577309637,15.303292053818845,-6.435484859204938,0
2025-05-21 08:44:20.674,16,Tobillo_Der,-6.314965906853128,80.83292232785818,236.89921610322443,1.4145492507671404,9.713178875791469,-0.31391385973115243,1.5623671748334598,15.091170555856039,-6.619930914858548,0
2025-05-21 08:44:20.821,7,Codo_Izq,22.39761419988636,-18.930310669522534,240.17401592148866,0.6608222143613399,3.3266544646446734,2.1986524689196165,0.749346094888059,9.66596403619945,4.229402185495747,0
2025-05-21 08:44:20.822,8,Codo_Der,-19.310965827964694,-13.017760719720187,229.62271850837678,0.13088447244616783,5.928728025170882,-1.0545673034903684,0.15924668550000182,14.272378332624358,-7.488194133966374,0
2025-05-21 08:44:20.822,13,Rodilla_Izq,19.744866558021254,40.202324026771095,221.16410356041888,4.2687227059657,2.582666422470206,-5.791609455860426,7.991317315055626,7.43803840665856,-15.767984539942924,0
2025-05-21 08:44:20.823,14,Rodilla_Der,-6.486319247028397,44.092498796801564,227.49969087779812,2.144031015340813,4.975130034424332,2.6121578794329876,3.4611677201294664,11.011960879954442,-3.3751849513435013,0
2025-05-21 08:44:20.824,15,Tobillo_Izq,20.71455416447137,76.09094524251901,234.7883896570761,3.6631419484100203,2.6145860430204664,-5.553721473131881,7.043412841961393,6.880792017427924,-13.342032068827606,0
2025-05-21 08:44:20.825,16,Tobillo_Der,-6.029707626539799,81.13139384707645,237.9281817788744,1.2328327637849366,6.42419698186489,0.7647359771508961,1.6658215313131934,12.40798647010822,-4.332324471030843,0
2025-05-21 08:44:20.985,7,Codo_Izq,26.147518592572432,-21.918165885159762,233.0607223253933,5.870605528476919,-1.9314239021004826,-9.014093650072287,7.97477441330813,2.3675050405022073,-10.761853912782584,0
2025-05-21 08:44:20.986,8,Codo_Der,-17.538655249817722,-13.437207167015499,230.43240626992338,2.6728313318641397,3.4656251761000125,-0.01159350506346688,3.6389726790033667,11.10708756493775,-5.328531778506374,0
2025-05-21 08:44:20.988,13,Rodilla_Izq,25.315916428380998,37.08665947595967,214.56601874995465,10.885112627846194,-2.6725058294690616,-13.83096613143411,17.461651939772498,0.18950623811810807,-26.572386538787267,0
2025-05-21 08:44:20.988,14,Rodilla_Der,-5.3176404797951875,42.68605489779494,228.05610589930282,3.026191778701903,1.2705931652039169,1.6907341972589167,4.990028774091267,6.283449185422319,-3.0334930668990094,0
2025-05-21 08:44:20.990,15,Tobillo_Izq,35.09293779321692,71.55407659275882,227.10484217626347,23.42568694436741,-4.794095784373852,-15.081241374084255,34.26493588990725,-3.1913946970035187,-26.450159838362993,84
2025-05-21 08:44:20.991,16,Tobillo_Der,-5.7221147114369595,80.88932750864802,239.96369289583595,1.175013467389524,3.774739896128284,2.9203474830671445,1.8285158966704917,9.483566914474057,-0.41531076036860304,0
2025-05-21 08:44:21.152,7,Codo_Izq,33.765335310794974,-22.3269365783499,222.57038121845747,14.569183888564966,-1.2507761214522446,-20.466466045259676,20.898875390785435,2.1303040797509007,-28.258758064681405,0
2025-05-21 08:44:21.153,8,Codo_Der,-9.512492090738373,-12.172644249256583,232.3248778131034,13.286578477953004,4.499278056152693,2.2434225776829573,18.54518452308485,12.162101447156106,-1.4321707719469194,0
2025-05-21 08:44:21.154,13,Rodilla_Izq,34.756096582151756,36.481425468398264,208.60604115759352,20.434028296242833,-2.0859619032765453,-17.57806607066965,32.0786054918717,-0.13233283539922164,-33.07840640167426,0
2025-05-21 08:44:21.155,14,Rodilla_Der,-2.6982822997882616,42.183584929383336,227.00477677713073,5.686480632283943,0.4525614198379212,-1.054502647678169,9.039849649079217,4.697115437134105,-5.588867318229867,0
2025-05-21 08:44:21.156,15,Tobillo_Izq,53.647137525274296,69.24726382858545,216.83751089294785,41.08478227849756,-5.864555607126608,-24.424397875102397,62.32530923555652,-6.088877699991611,-41.07355491037575,100
2025-05-21 08:44:21.157,16,Tobillo_Der,-4.118057656752088,80.25512286635023,240.38331161295727,3.054240673191186,1.7126030677265784,1.9064956254078977,4.56596119520472,6.722643208466195,-0.5364326171414444,0
2025-05-21 08:44:21.308,7,Codo_Izq,43.58095217318388,-20.044047324640623,207.60488628079543,23.096237334069603,2.929601080831283,-34.05861572742549,35.295444901409596,6.975976927021363,-50.83448288302453,100
2025-05-21 08:44:21.309,8,Codo_Der,4.739348154791466,-9.547390669783077,234.053293477599,28.73713310994664,7.063729794178106,3.4467810419617573,42.16032035651132,15.668235778944133,1.325447364068506,46
2025-05-21 08:44:21.310,13,Rodilla_Izq,47.93601484082402,37.66284696329785,202.16323224376976,31.791877797943673,0.7232663091648357,-20.719714292130906,51.043966855275286,2.849054431866111,-39.58830104024657,0
2025-05-21 08:44:21.311,14,Rodilla_Der,5.1135106538317725,42.19658352801879,224.03764873324982,14.8942934353005,0.6628020562295386,-5.33226696661168,22.503575963178143,4.469976409131408,-10.991917002534539,0
2025-05-21 08:44:21.312,15,Tobillo_Izq,68.75061763426285,71.7424305266241,209.18276565191846,47.12086055250369,0.30629201005611256,-26.4521311049074,77.99049748732864,0.798012680546063,-47.67298606382747,100
2025-05-21 08:44:21.313,16,Tobillo_Der,-1.374264280186642,78.6746758381944,239.64092850571345,5.858179236422575,-0.8776100714348815,-0.22972757106332423,8.935264719832846,2.909195685952043,-2.5787778437409576,0
2025-05-21 08:44:21.460,7,Codo_Izq,52.032216271621614,-19.1244219163606,193.25813366066336,26.538129653517878,3.367772326734765,-41.77757953260628,44.27538511894012,7.754932993816426,-67.84559743809719,100
2025-05-21 08:44:21.461,8,Codo_Der,24.38388800191875,-9.786040853759364,223.72005885408993,46.19735118755864,4.42936910538692,-13.329359028542084,71.49955642446949,12.696652013387812,-20.263938874264447,100
2025-05-21 08:44:21.462,13,Rodilla_Izq,59.1145307528763,37.86336799192972,198.13878577682877,36.08620687873934,0.8937761932362703,-19.322165318920604,62.44551483679821,2.9627494122791354,-40.39892959696989,0
2025-05-21 08:44:21.464,14,Rodilla_Der,19.93438384065378,41.56811226885707,220.71488057604265,30.7789023739252,-0.2006278897929556,-8.385456213008311,46.9058938706727,2.918679793640188,-15.722893938378746,0
2025-05-21 08:44:21.465,15,Tobillo_Izq,77.28713964869488,73.9004651075183,205.021873890123,41.96286125595366,3.3700951803018797,-22.983597574410357,78.88867174920118,4.971665087097951,-46.834223742306385,100
2025-05-21 08:44:21.466,16,Tobillo_Der,14.190532822385984,79.09401910994629,234.08743328937976,26.33422131934288,0.4544609427096099,-8.453069877412045,37.86060771537939,3.9402183387647867,-13.476107939413097,34
2025-05-21 08:44:21.606,7,Codo_Izq,58.43438487968322,-19.637689843577796,186.46526693779333,26.128792688239226,1.5525621494050617,-36.1456938970953,48.421795145120036,5.578673701216068,-67.82708805881686,100
2025-05-21 08:44:21.607,13,Rodilla_Izq,66.0731763358194,37.795780659504665,196.17562000322832,33.156482358410024,0.5909808042254953,-15.764813613351238,64.5348641171607,2.5035199214606227,-37.83665414970349,0
2025-05-21 08:44:21.608,14,Rodilla_Der,38.39554688371736,39.29449853928545,217.10044211804959,46.13413225059952,-3.1858453670548137,-10.743938800105592,73.92797658170771,-1.6416464658302883,-20.185991517510175,0
2025-05-21 08:44:21.609,15,Tobillo_Izq,81.21526340461644,75.19257622816305,202.7459901969396,32.98048715648306,3.9657864621587007,-18.559691745470108,72.83985061626396,6.472270727986329,-43.693501632605525,100
2025-05-21 08:44:21.610,16,Tobillo_Der,42.46328886668016,72.48873428565308,221.01898454358704,57.607593318471835,-9.143212615289972,-24.472438253576154,86.03670016814692,-9.514686723693528,-36.91530812367265,100
2025-05-21 08:44:21.758,7,Codo_Izq,62.71896861814191,-20.500366504801,184.56079304886134,23.065146365217082,-0.03789021066699023,-26.039406852734494,47.867305115957244,3.2244551897441727,-58.91203743606794,100
2025-05-21 08:44:21.759,13,Rodilla_Izq,70.61743284807955,38.26040626823754,195.5793727878736,28.226992356882917,1.1913732575976959,-11.751315479830007,61.95451372092808,3.2007424119034824,-33.28000668415607,0
2025-05-21 08:44:21.760,14,Rodilla_Der,55.19094269345548,39.254980133323336,207.88358085469056,53.32515008748525,-1.716343327486738,-20.524130669337584,91.87254723068045,-0.6989032922000299,-35.015032427091754,100
2025-05-21 08:44:21.761,15,Tobillo_Izq,82.77280173535756,76.04410171849382,201.71553844268544,24.475719643408112,3.719398209807312,-14.2436648528026,64.08296892335497,6.815387054227065,-39.01286520202812,100
2025-05-21 08:44:21.762,16,Tobillo_Der,63.01661003619931,70.27123403133136,208.38116551699838,65.40460043218515,-8.465692175518525,-33.58958033225716,107.74545222254767,-10.947167938929162,-54.02221847718647,100
2025-05-21 08:44:21.910,7,Codo_Izq,66.21700028454507,-21.403322832556032,185.91149832826093,20.41284111818253,-1.0677507589335664,-15.631591131999093,46.75517265896059,1.3304598259640539,-46.7989055635815,100
2025-05-21 08:44:22.179,13,Rodilla_Izq,74.29610106122378,39.12669289522286,196.09736920267233,24.39011523806575,2.1344658550063964,-7.786375098579752,59.29405657127664,4.516231528192139,-27.843171673758174,0
2025-05-21 08:44:22.180,14,Rodilla_Der,67.97756230623129,39.751164309881545,201.86711775625452,52.47719160450039,-0.14372155095129466,-21.788484554997485,99.26605106801536,0.8507472554375507,-40.08872304597532,100
2025-05-21 08:44:22.181,15,Tobillo_Izq,82.63804196364742,76.283800970175,200.66370970260724,17.149256543299245,2.7308705194486227,-11.80686231289205,54.79498006604199,5.999493008687323,-35.85896741692303,100
2025-05-21 08:44:22.182,16,Tobillo_Der,74.37615095726032,71.1797166955659,202.11899079002453,57.52247237382911,-3.6558533543965344,-30.05886831842264,108.16382352859414,-6.248706594369668,-55.135923209586615,100
2025-05-21 08:44:22.333,7,Codo_Izq,79.79201155090949,-26.963973168633483,189.4284227685688,29.11686129173428,-7.071779492791072,-6.4119091287593335,47.981823803100475,-6.895756467730681,-24.304938583268143,100
2025-05-21 08:44:22.334,13,Rodilla_Izq,83.76242819480562,36.68612384806687,196.15257384860425,26.73319198934089,-1.98260824948745,-6.194414257812557,49.65206042338262,-1.3765670972355712,-18.671768763581845,0
2025-05-21 08:44:22.335,14,Rodilla_Der,79.5524669956356,38.14251293862481,200.7151067195263,41.09516934702395,-1.935495505984311,-12.163888332863017,68.66081518285148,-1.7042209592598283,-21.790585458007428,0
2025-05-21 08:44:22.336,15,Tobillo_Izq,90.76118560925958,75.2896569215116,198.04423018616518,23.054473671082675,0.23820517658117638,-11.71446279624585,48.48413270713744,1.777838418149984,-27.098185318968618,100
2025-05-21 08:44:22.337,16,Tobillo_Der,89.34821282902178,71.91634502345957,202.8351144205824,47.86430615051458,-0.759615205542524,-13.78811650423458,78.3009615194218,-1.7824204945795783,-26.28871563156255,100
2025-05-21 08:44:22.492,7,Codo_Izq,81.88677370069959,-30.896597312108998,194.7729276759863,21.742291164179992,-9.16352113299924,1.2555141406161097,43.11175231380445,-11.108214405485347,-13.972625756613446,76
2025-05-21 08:44:22.493,13,Rodilla_Izq,84.33519021748357,36.60110588953115,197.0989271134771,18.785603046670563,-1.2272425838160899,-3.6694444714120302,42.979620404018405,-0.9927859687317766,-15.314224323461463,0
2025-05-21 08:44:22.494,14,Rodilla_Der,81.92630780793999,41.04161264466902,213.4432360791437,30.038413190047233,2.5445119321633816,7.979549865953968,60.86652547206523,3.2954464957171075,1.343524368340372,0
2025-05-21 08:44:22.495,15,Tobillo_Izq,92.3868508403608,75.705817202189,199.18101706718028,18.173970456629053,0.815325569641593,-6.983342975767179,44.37139156670898,2.328755874129075,-21.920617881745734,100
2025-05-21 08:44:22.496,16,Tobillo_Der,92.37885064377001,75.85653523813595,214.68437365464422,35.163745832054595,4.441812573964794,5.627906064186191,69.66710588176161,4.54126305832708,-4.027265414202656,100
2025-05-21 08:44:22.645,7,Codo_Izq,80.46574138699742,-34.26470453475238,195.783825170302,12.969078291727126,-10.002710166263634,0.6643322498213431,34.52209891737286,-14.102172555759983,-12.367935647413653,1
2025-05-21 08:44:22.646,13,Rodilla_Izq,82.89321673992836,36.45118371941722,197.68124667982534,11.452249884227259,-0.9004439430259528,-2.4800136157162767,35.09834864781674,-0.9114148979144505,-13.151034587197948,0
2025-05-21 08:44:22.647,14,Rodilla_Der,80.64593235332921,41.1776351622803,218.8921670884895,18.930283439902947,1.752127318110683,11.233661887181025,50.08955874606293,2.8175025039643207,8.219402303334416,0
2025-05-21 08:44:22.648,15,Tobillo_Izq,89.60399155529934,73.59708946376205,196.28104217927336,9.521703889876425,-2.1352020787416572,-9.295390112973696,34.42665308064458,-1.3638418850771705,-24.488353763910688,68
2025-05-21 08:44:22.649,16,Tobillo_Der,88.19489926935748,72.6521903901635,207.87675879249056,18.50444649705089,-1.5520961929194101,-6.45758064841058,52.696530225769926,-1.8907683603362884,-16.476489115460573,100
2025-05-21 08:44:22.826,7,Codo_Izq,77.4693866547092,-14.459004669384427,200.660922308913,5.425861867351251,20.886058147829512,5.637439202407914,24.327486854697188,23.626752503014174,-3.802403661701069,0
2025-05-21 08:44:22.827,13,Rodilla_Izq,74.37893222875486,39.50834756977911,198.25553305604822,-2.6992676678275407,3.6484594796849703,-1.7187481754318783,15.829496585145193,4.675902235803008,-11.014768068637263,0
2025-05-21 08:44:22.828,14,Rodilla_Der,71.95402783962052,43.26381018800042,211.47969267600553,2.022513412369152,3.924269175498498,-4.104783475606963,27.75842194720424,5.7949630818133215,-8.320725301066318,0
2025-05-21 08:44:22.829,15,Tobillo_Izq,88.32741919897902,75.2690585392292,197.92764470005454,6.184755021319518,1.158247965021775,-4.542878930120865,28.28089952259881,2.228779640148955,-18.054070315170165,0
2025-05-21 08:44:22.830,16,Tobillo_Der,83.80878214118114,72.66511088754216,204.9810827026493,7.9497758923351025,-0.8852599283420699,-8.58751269661414,37.86227731190068,-1.3309350843142713,-18.999299172850602,70
2025-05-21 08:44:22.982,7,Codo_Izq,73.60022972102996,-6.334460011891705,204.4993377434643,-0.5021717520957985,23.551774288738546,7.700313519413553,15.367951563113312,31.792889309491677,1.5639274694777807,0
2025-05-21 08:44:22.983,13,Rodilla_Izq,64.25701374857695,44.798083606246735,199.2774436143009,-13.893416255236804,9.53876667974305,-0.42971107604091346,-1.8465730357654984,13.005690759167129,-8.46840232880312,0
2025-05-21 08:44:22.985,14,Rodilla_Der,62.86554815760439,47.09741517896694,205.95564321455748,-9.075185391238357,7.753712950727395,-10.421497349675366,10.34944073415836,11.421672691873317,-16.86211515263071,0
2025-05-21 08:44:22.986,15,Tobillo_Izq,87.84335546294959,74.65798850479511,200.04947463266882,4.929840664456059,-0.08297043766897183,-0.9173487289551894,25.07108193060235,0.7648284371216447,-12.600010701603267,0
2025-05-21 08:44:22.987,16,Tobillo_Der,81.58805701587576,73.01749531926345,203.3412115821864,4.256978911367714,-0.06133699188433523,-8.180917045667504,30.847449526660938,-0.4250192268431915,-19.11574718001645,2
2025-05-21 08:44:23.133,7,Codo_Izq,44.05100532938921,-24.864482971573967,216.74751040344228,-40.68214529537797,-11.914543002060658,21.21862014218374,-39.29156122183474,-9.581944512919577,21.97150859022716,65
2025-05-21 08:44:23.134,13,Rodilla_Izq,51.11584498492093,25.81370622639319,198.08988134396833,-25.521404063999732,-21.057607173980692,-2.647101631186625,-22.173090080972244,-24.917967973387853,-10.360897008249122,0
2025-05-21 08:44:23.135,14,Rodilla_Der,51.12634473171236,27.322955757947376,200.52211141925153,-20.101764947583362,-23.185989922765376,-14.268629948055583,-8.987278636132853,-27.42920705755582,-23.629228808400924,0
2025-05-21 08:44:23.136,15,Tobillo_Izq,80.08776359407081,68.55878780460968,199.98964311467782,-6.332335180616636,-8.60240794641506,-1.6582630406745111,8.877151708774726,-10.472645715328284,-12.19129234362386,0
2025-05-21 08:44:23.137,16,Tobillo_Der,75.78360183380202,66.3983490956653,199.42142320458515,-3.3821605246400286,-9.434050920307572,-11.23788070543239,18.31663194317262,-12.602147180158848,-23.66769817352223,0
2025-05-21 08:44:23.288,7,Codo_Izq,15.59299792888947,-44.910047141502176,205.6813542368464,-63.86172147019659,-35.33834478117818,-3.748324250412089,-80.3030964600983,-43.79040124510857,-5.6833523589885,100
2025-05-21 08:44:23.289,8,Codo_Der,11.798633747744322,-33.495518568347926,224.56952933595443,9.881947147174838,-31.518476000283854,-6.897012706892128,30.363130768665613,-36.31242639981884,-13.957128797242639,96
2025-05-21 08:44:23.290,13,Rodilla_Izq,37.07064755426575,18.25069846021673,196.47018168908718,-34.37121412404172,-23.18530088062762,-4.534534998182119,-40.75470830028609,-32.48385284778858,-12.413193064494097,0
2025-05-21 08:44:23.291,14,Rodilla_Der,35.834865534384896,19.94096423262653,196.6149541475024,-32.36904779415895,-24.170916288945715,-14.578153263361937,-31.81531324043981,-33.97149743012159,-26.2993945022384,0
2025-05-21 08:44:23.292,15,Tobillo_Izq,65.55563245645108,57.38920237119022,200.03072390206142,-23.07394179072941,-21.09691315044498,-1.8454152956995058,-16.95798725625452,-28.84151704149281,-11.350271890845399,1
2025-05-21 08:44:23.293,16,Tobillo_Der,63.10027137515105,59.248561329844684,210.3258809585254,-18.14991333648778,-15.918053254552973,8.127124176398246,-5.100752857204618,-23.074575704231197,0.7932124620799534,0
2025-05-21 08:44:23.441,7,Codo_Izq,-3.923191085068483,-57.166247298653616,198.96620039543177,-66.03230409831092,-38.59035959933852,-12.02762605475665,-97.21499432474457,-55.97056810556504,-17.386730380697987,100
2025-05-21 08:44:23.442,8,Codo_Der,-13.669412510716354,-41.786299565609085,223.99220303998086,-30.019843064206743,-30.415382730209238,-5.378552069493288,-24.427417579958288,-42.38295703645482,-12.665094636859768,98
2025-05-21 08:44:23.443,13,Rodilla_Izq,12.425446154665348,11.462611657931419,195.11526061769993,-55.79185953287174,-23.84356663770789,-5.250277542649766,-77.16312622087062,-37.97531881001654,-13.402483034542971,7
2025-05-21 08:44:23.444,14,Rodilla_Der,12.475678456233048,13.825390130135514,194.36456078320361,-52.16542650714783,-23.47527228727796,-12.601280446964658,-66.53999426798046,-37.84199463435814,-25.730917926250616,0
2025-05-21 08:44:23.445,15,Tobillo_Izq,29.731087992010302,49.08346569697685,193.1146373249697,-64.42946902390061,-24.71384715969788,-11.921047655725863,-78.78750959764444,-37.957315770555425,-23.87483136235913,100
2025-05-21 08:44:23.446,16,Tobillo_Der,26.967697527815076,50.307659346371985,199.16574956543388,-61.4510421024302,-22.637462891490788,-12.202913329146796,-69.24800787568947,-35.07576573586262,-23.13244339217246,100
2025-05-21 08:44:23.599,7,Codo_Izq,-27.16954705257987,-42.765972614000475,191.42777720724703,-73.83868619860719,-2.3562899678304348,-18.22725465600079,-119.81089422476168,-14.581586197017067,-27.958496214858997,100
2025-05-21 08:44:23.600,8,Codo_Der,-27.022739251844108,-32.854724714851145,206.11006856439266,-35.92684305015612,-4.981490243251319,-29.99279608025031,-41.06301115144558,-13.757699678257797,-46.496524424096954,100
2025-05-21 08:44:23.601,13,Rodilla_Izq,-20.734200180397238,22.25840643597202,192.81208146193552,-81.59574158882933,0.9921394311640209,-7.057835985075731,-122.7578616166061,-8.614898789787631,-15.948098217855899,100
2025-05-21 08:44:23.602,14,Rodilla_Der,-16.477371478041682,22.138324701417815,191.29593512725617,-72.78855745153432,-2.434973157501708,-12.765710672696024,-105.30510086658816,-13.443941712514217,-27.19866714586324,100
2025-05-21 08:44:23.603,15,Tobillo_Izq,-13.706512474794536,58.692979198104446,191.54431062313242,-100.75748807117282,-1.1409858626215856,-10.094416613582679,-141.73249808185506,-10.643606327326857,-22.67406544927224,100
2025-05-21 08:44:23.604,16,Tobillo_Der,-11.787651306141814,57.642699342299494,196.04615726207228,-91.66294144884938,-3.2081703429477773,-12.41221767601107,-124.20849534173387,-12.912459467074566,-24.88619583874614,100
2025-05-21 08:44:23.758,7,Codo_Izq,-42.22237319469005,-19.48145662858031,186.0755969395012,-67.70128199857413,31.48974397492746,-18.948316247395137,-123.55295754459654,32.29449295409283,-32.139630010236594,100
2025-05-21 08:44:23.758,8,Codo_Der,-31.205605436009986,-19.33011798646912,199.99522914807304,-26.7469864889285,16.272938476787367,-27.30944818542906,-37.06001225392893,15.220670258522329,-48.098257501175205,100
2025-05-21 08:44:23.760,13,Rodilla_Izq,-49.42645479051515,34.20217455464015,192.0215793113672,-91.50127062801576,17.081869803394504,-5.941278617515164,-150.84055885805478,14.77474583838729,-14.920745613490338,100
2025-05-21 08:44:23.761,14,Rodilla_Der,-41.31465333623417,32.64804310532762,191.1084548213814,-80.1318103186498,12.935157819525367,-8.783044698610226,-128.96902968393414,8.307987814306248,-22.937888424478224,100
2025-05-21 08:44:23.761,15,Tobillo_Izq,-39.68016223041647,67.66556538995724,193.58667068800474,-98.29375887732814,11.560966511492492,-3.8595005917802,-158.05576578926727,7.615342919507317,-14.968613028284608,100
2025-05-21 08:44:23.762,16,Tobillo_Der,-37.32849865253411,67.68567573343452,206.86341066049167,-91.77142314149533,11.940538218365212,7.638918123656169,-142.93339455388252,8.148662428434324,0.8481782382440848,100
2025-05-21 08:44:23.909,7,Codo_Izq,-45.316221986219084,-11.387590463254165,184.18996450139835,-47.971389367985225,29.80148290259041,-14.69987823041278,-106.63378017606429,38.19037134336984,-29.481553601879,100
2025-05-21 08:44:23.910,8,Codo_Der,-34.97887498257445,-11.93176234955774,190.35016621296506,-21.630354727432195,20.008013270607744,-31.510604152264882,-35.685994478385766,24.77386863916011,-58.06498603990313,100
2025-05-21 08:44:23.910,13,Rodilla_Izq,-63.28829359498607,40.661356208988316,192.14512207838342,-77.55071910557824,18.946084410871283,-3.995241807188348,-147.53488192582856,22.137112769611168,-12.560446144072275,100
2025-05-21 08:44:23.911,14,Rodilla_Der,-52.202541173192294,39.09327147373444,191.65031138801342,-65.80648014159542,16.362451140992135,-5.4593896405126765,-123.66288623096065,17.02990452034217,-18.716395614956735,100
2025-05-21 08:44:23.912,15,Tobillo_Izq,-53.31335921904318,73.49757699167046,195.4605800849917,-81.11452608869858,14.745599246024064,-0.44264959950504124,-152.100650664224,15.54817566135736,-9.75926889533255,100
2025-05-21 08:44:23.913,16,Tobillo_Der,-49.21762385295522,76.33507740884677,214.00102247642664,-74.0924300508705,19.093932357464986,14.172059482775234,-135.8134821519901,21.542855212027458,12.696838598602003,100
2025-05-21 08:44:24.066,7,Codo_Izq,-46.329060709376584,-12.952407819093807,185.06911577683698,-33.80334030724593,15.201922522656355,-8.319715484127801,-90.95642737097305,24.76190054443,-22.38068952586228,100
2025-05-21 08:44:24.066,8,Codo_Der,-38.52150643365648,-12.264393750367493,187.08232194516154,-18.62792763286157,11.163092869495111,-24.9100194512665,-35.08368109742134,17.178054504550236,-53.23823525734939,100
2025-05-21 08:44:24.067,13,Rodilla_Izq,-64.85454510328208,42.0903185179806,192.96934316428357,-52.257574077850634,13.023137876392951,-1.820743269850461,-122.66247987579293,18.49381046262515,-9.349275322016519,100
2025-05-21 08:44:24.069,14,Rodilla_Der,-53.909459053133475,43.094514819806925,202.3836561832796,-44.75740106930806,15.114459084473417,11.462336052221124,-103.34958706454658,19.46162933658774,4.897451013686297,100
2025-05-21 08:44:24.070,15,Tobillo_Izq,-57.17553842241671,74.88358501053985,194.65204443423602,-57.71790560948462,10.382996711440947,-2.2911047851760955,-130.58166907958153,13.301088337789484,-10.994060878804081,100
2025-05-21 08:44:24.071,16,Tobillo_Der,-51.765934828043214,76.50786494596807,207.8291677617354,-50.99751294403799,11.195139740565663,-1.2353480718431473,-114.27812368235753,15.358923519883259,-4.39448033449812,100
2025-05-21 08:44:24.221,7,Codo_Izq,-47.61648741051008,-15.167411716057575,186.13777126271629,-26.115110258685835,6.167515791545008,-4.3915921423969815,-80.77515436243355,14.977312675646889,-17.098847590906207,100
2025-05-21 08:44:24.222,8,Codo_Der,-37.84233913691429,-14.715323481081374,195.83834334211917,-10.971590280341518,3.2175384373835803,-3.704108909532532,-27.045869372166862,8.354160290373883,-26.590846642623646,1
2025-05-21 08:44:24.223,13,Rodilla_Izq,-61.57689542704193,40.80703455770335,193.35726640756465,-30.99610318940602,5.937916906459121,-1.14079793734677,-96.80396129822759,11.408458073298398,-7.77649207916291,100
2025-05-21 08:44:24.224,14,Rodilla_Der,-50.52506158653938,43.89437309067026,210.85632126008312,-25.54377552671293,10.071792475149712,18.294175412285828,-80.0874168800375,15.87402631570627,18.177625126624363,1
2025-05-21 08:44:24.225,15,Tobillo_Izq,-55.44180711747276,73.5119148877131,191.27027119887006,-36.559302147039794,4.090451327709797,-7.0502677179828375,-105.92002779591522,6.98884372078091,-16.787809019192068,100
2025-05-21 08:44:24.226,16,Tobillo_Der,-49.647117188429704,75.46864104331983,204.9050263503115,-31.33999284572568,5.149192872523495,-5.2785725026659085,-91.33860914171632,9.40930955869942,-9.76119131782847,100
2025-05-21 08:44:24.370,7,Codo_Izq,-49.12452761974429,-16.401937004012865,185.32115084591004,-21.8757366723456,2.463299368004168,-4.81706313276729,-74.1689798012331,10.306596531480874,-17.04276042531364,100
2025-05-21 08:44:24.371,8,Codo_Der,-38.74288521773259,-16.262408432623207,200.1490588740176,-8.977063927792717,0.0018515107373780813,2.2310317548048193,-24.96289682240546,4.089337258137364,-16.21140649440723,0
2025-05-21 08:44:24.372,13,Rodilla_Izq,-57.46721070148972,40.59955473026434,192.44963400019205,-17.358731573043226,3.5514063396068702,-2.5688809987727437,-77.06567321329277,8.954001279795397,-9.08747961752453,0
2025-05-21 08:44:24.373,14,Rodilla_Der,-46.329986981891466,44.826751996176775,216.01490854222033,-13.14239812580791,7.609197462902353,17.986278584688588,-62.18699586652647,14.374018298222875,22.666844187035302,0
2025-05-21 08:44:24.374,15,Tobillo_Izq,-52.57562543799808,73.10711984411881,189.30457855582162,-22.66509361866416,1.9842858269582448,-7.75933659404037,-86.81197932409297,4.790326176150515,-18.254161257997044,100
2025-05-21 08:44:24.375,16,Tobillo_Der,-48.1677509431469,77.28003099118445,210.0587566200464,-20.916511315005746,5.969483509035102,4.194094020988687,-76.91449318187863,11.300438991951333,2.415990029841433,100
2025-05-21 08:44:24.514,7,Codo_Izq,-50.490086432253655,-18.08724856569333,186.41962997711852,-19.009166306468078,-0.4144715969722134,-2.1757278891235656,-68.99993022480034,5.949359939596275,-13.048656259894019,100
2025-05-21 08:44:24.515,13,Rodilla_Izq,-54.38802713795971,39.474170473124275,192.39147758107453,-10.477371406634742,0.8289471690728376,-2.113239253500347,-64.12952252416056,5.444431721217274,-8.265032322528416,0
2025-05-21 08:44:24.517,14,Rodilla_Der,-44.584915978315344,44.20600313904812,218.5282214276062,-9.127755468446942,4.015439831175459,14.417589214781774,-53.50263176689106,10.590892931439136,22.044207375419163,0
2025-05-21 08:44:24.518,15,Tobillo_Izq,-50.23929668388863,72.61757828579643,188.76099780755857,-14.993975499340248,0.6511031557008465,-6.142911673040131,-73.63073337354228,3.116610584147434,-16.709913141181218,100
2025-05-21 08:44:24.520,16,Tobillo_Der,-45.59714527841301,74.9037026957368,204.14815246108714,-12.950633828084138,0.35598505594975466,-6.4979147733350064,-63.97564016399619,4.495815935731354,-10.860162108397049,100
2025-05-21 08:44:24.668,7,Codo_Izq,-51.40062815290718,-18.98082625842268,187.96196425674918,-16.52713357350836,-0.9899262596643013,0.09321082647992363,-63.26328927914575,4.111310091930827,-8.905458847116854,100
2025-05-21 08:44:24.669,8,Codo_Der,-40.72736532093587,-17.734108993203428,201.90350344768746,-9.428143022799919,-1.805032947074242,2.1914276458510615,-25.604366990829103,1.0186712270892886,-12.973142309492651,0
2025-05-21 08:44:24.670,13,Rodilla_Izq,-52.63241089155357,39.033577726280264,192.6586861743037,-8.09656086450524,0.22545991634857834,-1.3430749255942962,-55.73165734044952,4.154894513078064,-6.860494955601263,0
2025-05-21 08:44:24.671,14,Rodilla_Der,-43.32001327045167,44.09495594376823,220.29897095013126,-7.23446391017355,2.682621927262143,11.421927722242913,-46.783575370878744,8.854782191266635,20.62466227492914,0
2025-05-21 08:44:24.672,15,Tobillo_Izq,-49.124487643642546,72.19252279437136,188.8247888744377,-12.035598358139122,-0.04439796407697105,-4.307183529344789,-64.90187027695562,1.9701540262607775,-14.25852136744733,100
2025-05-21 08:44:24.673,16,Tobillo_Der,-43.40236831319117,73.01589993369484,200.5276626398656,-8.598551329652086,-2.234041953677413,-9.4256227706404,-53.91096014287243,0.4207933852305059,-15.96338565691451,100
2025-05-21 08:44:24.820,7,Codo_Izq,-52.20802712472806,-18.779201183242648,191.28949282351184,-14.685542396359372,0.20055132762505012,4.190966489063502,-58.236405789723435,4.734196397503424,-1.925079213036902,100
2025-05-21 08:44:24.821,8,Codo_Der,-41.10651773929149,-19.891507735827336,201.99458380483418,-7.326779248150733,-3.9534406339706907,0.008250810067314292,-22.846084542424034,-2.813364521489598,-13.160087074326453,0
2025-05-21 08:44:24.822,13,Rodilla_Izq,-51.9736412432702,39.0840724188452,192.9412440034841,-7.84628617685195,0.5542711126026956,-0.8301542885783529,-50.52426741818793,4.088285779630593,-5.699733742784208,0
2025-05-21 08:44:24.823,14,Rodilla_Der,-42.11550465814742,44.10889429355569,220.99883612760837,-5.825132144751623,2.0828208788330933,8.288469589500004,-40.94470793373343,7.833412898560931,17.992351771326966,0
2025-05-21 08:44:24.824,15,Tobillo_Izq,-47.93651534949049,71.9169886384629,189.03542922479443,-9.743961076106972,-0.25379945218767413,-3.001529615369151,-57.16359467787062,1.3741467010519854,-12.141678578209309,100
2025-05-21 08:44:24.825,16,Tobillo_Der,-42.129865508103826,72.18697981619964,198.985817175578,-7.008058659214379,-2.250156826076424,-8.178290852809829,-47.33664599410294,-0.5843293279206798,-15.786037894224627,100
2025-05-21 08:44:24.979,7,Codo_Izq,-52.28006297308019,-18.089670292194473,195.22113418891996,-12.314184988041244,1.5527895443995148,7.598063388135214,-52.15427318098377,5.950458012899573,4.766903615004239,100
2025-05-21 08:44:24.980,8,Codo_Der,-41.16419611496001,-21.210502940815964,202.02785681950394,-5.609557015131871,-4.0492740645031375,-1.1639587300654954,-20.03292803471488,-4.13940872499243,-12.76083678183015,0
2025-05-21 08:44:24.980,13,Rodilla_Izq,-52.50536918316356,39.29863045988377,194.74757659485724,-9.103977291601707,0.953456574791985,1.765003015218116,-47.78087283810923,4.241116095538265,-1.6128970506635998,0
2025-05-21 08:44:24.981,14,Rodilla_Der,-41.56228365032665,44.26661936169623,221.19272656684325,-5.6710744023086495,1.9257724636923916,5.802588233668224,-36.892387938547905,7.281656570281258,15.25196457852191,0
2025-05-21 08:44:24.983,15,Tobillo_Izq,-47.51989418409813,71.63743345173579,188.9416727615747,-9.193798501385064,-0.4053793540809805,-2.6560867574612717,-51.709576305064054,0.852393885182307,-11.05316763260315,100
2025-05-21 08:44:24.983,16,Tobillo_Der,-42.97745944743442,74.47094468356158,205.83503981154476,-8.888017544442253,2.2856640837088267,4.892627268787294,-45.58758206127504,4.800969449404288,1.1842636893890877,97
2025-05-21 08:44:25.135,7,Codo_Izq,-51.812231830138785,-17.871909780764263,196.47312326722195,-9.855372611271187,1.5940798603609998,5.844707833660103,-46.0072346993193,5.75048294797458,4.770740209362207,75
2025-05-21 08:44:25.136,8,Codo_Der,-42.03280792339336,-21.121879571995077,199.5130514545531,-5.746493301992681,-2.147670177052958,-5.420883823558548,-19.514845265373218,-2.5802553273935795,-17.140116574164487,0
2025-05-21 08:44:25.137,13,Rodilla_Izq,-53.27563022786033,39.68733858865056,196.307610075251,-9.7793368941805,1.4091888049606518,2.982798725859394,-45.26382280834534,4.619320850192689,1.0219128562772104,0
2025-05-21 08:44:25.138,14,Rodilla_Der,-41.47512640447062,44.757500903693405,221.37885459647188,-5.907562447625069,2.2940818856566363,4.390209035334478,-34.00083847220473,7.482567644918751,13.4092885301441,0
2025-05-21 08:44:25.139,15,Tobillo_Izq,-46.78339611179552,71.9783643691638,189.82552875196208,-7.956212729145177,0.391672574958121,-0.9515431376236377,-46.01974749768639,1.6490913628061943,-8.149068737146255,99
2025-05-21 08:44:25.140,16,Tobillo_Der,-42.616548169871095,74.71778426186728,204.93904014941134,-7.806776672588718,1.875011156424765,1.0771443295141296,-40.90633253142806,4.455993573628566,-2.2081887529179753,49
2025-05-21 08:44:25.294,7,Codo_Izq,-51.5266419462857,-17.85059724965423,194.43427524821166,-8.424524367931953,1.3064577541526172,0.1712435521463579,-41.15578714681454,5.143953422612398,-1.307589579587125,6
2025-05-21 08:44:25.294,8,Codo_Der,-42.2600853090864,-21.05928522631447,199.25174624261788,-4.8212697375971585,-1.1510915415439569,-4.50027336569281,-17.66726282027164,-1.7110516645159315,-15.522994028150702,0
2025-05-21 08:44:25.295,13,Rodilla_Izq,-52.617926332413425,39.42686966089329,195.56308533641067,-7.772508608621825,0.7008620001598265,0.3933028899536536,-39.70588560130151,3.5323969613995194,-1.4488834345456505,0
2025-05-21 08:44:25.296,14,Rodilla_Der,-41.41614126148418,44.64332532325537,221.25037346989723,-5.806138576092949,1.5938561116582801,3.099001518347527,-31.15812799669413,6.337891665204589,11.422695733664078,0
2025-05-21 08:44:25.297,15,Tobillo_Izq,-46.168486582972086,72.02069035967374,189.90160081245062,-7.0519811773672485,0.39735750448379303,-1.0830762717106484,-41.107449918306195,1.5688350555633366,-7.490360749071841,60
2025-05-21 08:44:25.298,16,Tobillo_Der,-43.5015680475948,77.63719605016242,212.89819038005774,-8.720552664855713,5.586968270831276,12.022660113968062,-39.189116838062304,9.627556864756915,13.529768950152054,73
2025-05-21 08:44:25.447,7,Codo_Izq,-52.06079791429445,-18.96391589046827,194.2979308656485,-8.490140544100832,-0.5551351612398792,-0.2373968260027025,-38.65014606510586,2.379571928179504,-1.6036188406552547,1
2025-05-21 08:44:25.448,8,Codo_Der,-42.299881629224735,-21.296351340613995,202.62438568036956,-3.937962077359782,-1.0486047398501117,1.4243327395081453,-15.842363481863863,-1.7913095348413854,-7.001204412158952,0
2025-05-21 08:44:25.449,13,Rodilla_Izq,-52.17028134438557,39.45998747702795,195.29146230607657,-6.605711411774846,0.6994507316151659,-0.34395933993544847,-35.46191761171189,3.298606570979707,-2.0821822553016576,0
2025-05-21 08:44:25.450,14,Rodilla_Der,-41.690056172360066,44.67610850453923,220.92044496152437,-5.9646773956136085,1.3751743884596817,2.013345445221359,-29.175478848847685,5.760937999395649,9.530685529033395,0
2025-05-21 08:44:25.451,15,Tobillo_Izq,-45.66475702772716,72.31750268351198,190.24695320595822,-6.308122962080881,0.766543710504696,-0.6806403352571855,-36.94005431898448,2.0056547996341987,-6.283513902030792,5
2025-05-21 08:44:25.452,16,Tobillo_Der,-44.15572403379146,79.55151051320954,217.69594302063982,-8.629638274440403,6.332811289612491,13.977509666884673,-36.879989891678214,11.522159836886674,19.14134776306149,81
2025-05-21 08:44:25.605,7,Codo_Izq,-52.07235007198835,-18.895026708926707,194.40817695448092,-7.550706354320294,0.061054315896917004,-0.09665210795896555,-35.01264188655656,2.634475634098136,-1.2666758527337723,0
2025-05-21 08:44:25.606,8,Codo_Der,-41.19977971867236,-21.944999150859715,206.61336255120966,-1.6854431558009089,-1.6094751170933224,5.886065490934222,-11.992582274043766,-2.7155540474605093,0.7241060586952477,0
2025-05-21 08:44:25.607,13,Rodilla_Izq,-51.71986613012651,39.34172455350489,195.23066042973468,-5.695758540997771,0.4572097286026826,-0.4422649623976795,-31.573838641816543,2.7565593389603014,-2.0431024697170845,0
2025-05-21 08:44:25.608,14,Rodilla_Der,-42.060920969652564,44.71106081065544,220.83970010607138,-6.024787031323887,1.2256536715551842,1.701405941161058,-27.298134428259623,5.2507252136993365,8.49122075834076,0
2025-05-21 08:44:25.609,15,Tobillo_Izq,-45.02244126793913,72.17147772710254,190.4315659667787,-5.410485823545642,0.3285620768162082,-0.6259380494328626,-32.723816135936076,1.4189244901019262,-5.539394319760287,0
2025-05-21 08:44:25.610,16,Tobillo_Der,-44.63501913693233,80.87541624130223,221.08559806829527,-8.14095885673672,5.971892613824417,13.28906152432799,-34.18228577553605,11.884780547654923,21.03860966493672,61
2025-05-21 08:44:25.779,7,Codo_Izq,-50.91590448487239,-18.432749899074768,194.08838795201623,-5.157993626543397,0.9655903153419787,-0.6369752590047574,-29.06195439286698,3.453421088370192,-1.831060385152957,0
2025-05-21 08:44:25.780,8,Codo_Der,-41.43010228487793,-22.25533360099724,205.04237071342428,-2.2815842758294376,-1.4421004809724796,0.40095407709430714,-11.51069517611239,-2.6960216496723093,-4.444676117994763,0
2025-05-21 08:44:25.781,13,Rodilla_Izq,-51.687563341567504,39.333310290946265,195.55211507631932,-5.633333625673874,0.4657635203660663,0.06987549938078244,-28.600244793761153,2.499647108394417,-1.1904825135593964,0
2025-05-21 08:44:25.782,14,Rodilla_Der,-41.75506378158501,44.96360876977826,221.0356688233841,-4.954686827851473,1.4384164084650193,1.8901016486852416,-23.795279460728775,5.1728299285984125,8.039800834327492,0
2025-05-21 08:44:25.783,15,Tobillo_Izq,-44.722722282805236,71.9412108467918,190.21903507078312,-5.229155242231943,-0.04924528968217355,-1.1410352640872334,-29.28267364462174,0.8054494807499228,-5.580168526463636,0
2025-05-21 08:44:25.784,16,Tobillo_Der,-45.06660996649952,81.75477216051712,222.8609996986079,-7.66227734545187,5.132536379483969,10.618059500937918,-31.209314753726954,11.217204623522646,19.354357531942405,10
2025-05-21 08:44:25.927,7,Codo_Izq,-49.63911458837552,-17.948276723914,193.44943567258957,-3.185240371714994,1.4769927244178525,-1.400913622934098,-24.377835087623115,4.052985062485401,-2.8688814052795237,0
2025-05-21 08:44:25.928,8,Codo_Der,-41.00787158387898,-23.014971632868534,208.08655198406765,-1.499095293747009,-2.041736014100974,4.242298652437794,-9.751783426808327,-3.716071112144278,1.5593843854820362,0
2025-05-21 08:44:25.929,13,Rodilla_Izq,-51.93013807255467,39.34685731230004,195.8745464899368,-5.59081655902463,0.46462495180217184,0.39943035458147275,-26.79547999088192,2.3345822140460917,-0.5463921685753206,0
2025-05-21 08:44:25.930,14,Rodilla_Der,-41.826911657289095,45.103907166970686,221.22786773432117,-4.591277614396956,1.3545308001053231,1.9006165826266364,-21.957439717648302,4.9138335123375585,7.687805444939794,0
2025-05-21 08:44:25.931,15,Tobillo_Izq,-44.83387275418759,72.03295485196281,190.29372450286021,-5.263860696800802,0.18089885273193884,-0.9330612592727426,-27.32169996360072,0.9840238330504155,-4.974029853702483,0
2025-05-21 08:44:25.932,16,Tobillo_Der,-44.92820446951427,82.0382493379376,223.35242070962582,-6.2446360016183515,3.879599578920978,7.548612085432144,-27.995340251118044,10.021533486736022,16.776898237576685,0
2025-05-21 08:44:26.087,7,Codo_Izq,-48.60479053048531,-18.230873219984034,194.02370207652586,-2.2442258238585358,0.6534277988495849,-0.08124121608989503,-20.697550150596427,2.9211146331784095,-1.2119758453740928,0
2025-05-21 08:44:26.088,8,Codo_Der,-39.44499636973478,-24.24551647999987,210.6253990413664,0.6766497471422009,-3.0974572296194713,5.835750729980137,-5.92833781335158,-5.417336315169052,5.214458679522142,0
2025-05-21 08:44:26.089,13,Rodilla_Izq,-52.236173243562945,39.30707275148727,196.64418285239134,-5.5513677769514445,0.37603278692328773,1.2606849632778778,-24.952758079749355,2.0492253668787352,0.8689436599266107,0
2025-05-21 08:44:26.090,14,Rodilla_Der,-41.90140537551621,44.84699952762618,221.5392140016216,-4.2959393029153405,0.7140132000230873,2.0579187988449896,-20.094270276389395,3.8500050919302167,7.508950798262794,0
2025-05-21 08:44:26.091,15,Tobillo_Izq,-45.5568598522186,72.3413234061364,190.9826073197371,-6.057399246035832,0.6268744779654303,0.10857534726208341,-26.397173304311494,1.51404971278135,-3.184588543540773,0
2025-05-21 08:44:26.092,16,Tobillo_Der,-44.81267524662609,81.9709330848994,223.54218480351915,-5.351845567301311,2.6450124523976544,5.361867113431548,-25.0779699247471,8.404443046054924,14.336221373862696,0
2025-05-21 08:44:26.241,7,Codo_Izq,-45.850522013285605,-19.804983826131206,196.53874851774174,1.0950386710877622,-1.7303492715163162,3.5340565632937015,-14.040221457183762,-0.4802937504693965,3.8458145709863776,0
2025-05-21 08:44:26.242,8,Codo_Der,-37.8944101861465,-22.407102715520157,207.75858816418574,2.0544468387763497,0.7315422705502769,-0.9562709296542468,-2.9111684214363676,-0.6827080061047379,-2.4005870771663087,0
2025-05-21 08:44:26.243,13,Rodilla_Izq,-52.20226186832896,39.121045124279334,197.1358002814745,-4.841708066941415,0.09144857292553572,1.3964486563649339,-22.593633797908915,1.5153709995361158,1.4400503685206285,0
2025-05-21 08:44:26.244,14,Rodilla_Der,-41.84219628636722,44.425215252544,221.4371889072509,-3.7694893343725835,0.0695568742836521,1.5063245579997677,-18.18452751153808,2.7008863491490196,6.497557972428039,0
2025-05-21 08:44:26.245,15,Tobillo_Izq,-46.47050702125285,72.68557103941185,192.25087562254373,-6.5997749068409055,0.9383900335122499,1.6202078731359937,-25.73414676606198,1.9710277657475994,-0.6191404594725469,0
2025-05-21 08:44:26.246,16,Tobillo_Der,-44.61976994108113,81.21204678995765,223.27413750024724,-4.525606149850959,0.904155246001511,3.448363487702829,-22.46071043212524,5.884909060949351,11.8201498928169,0
