Timestamp,Keypoint_ID,Keypoint_Nombre,X_cm,Y_cm,Z_cm,V_x, V_y, V_z, A_x, A_y,A_z,Probability %
2025-05-21 08:43:02.590,7,Codo_Izq,13.456786487230485,-9.199316710073727,252.19816583445186,0.037865270797007765,-0.1745094158642549,0.7096457874910942,0.006944902055384134,-0.03200692284538793,0.1301567474470842,0
2025-05-21 08:43:02.592,8,Codo_Der,-26.48914895844829,-5.334815253034555,248.3246994048683,0.06123076528757521,0.07152665991900757,0.12127050873968831,0.011230387601824003,0.013118766538057665,0.022242328859042388,0
2025-05-21 08:43:02.593,13,Rodilla_Izq,7.7361188565319665,50.4864332534571,244.15032174109172,0.1429261260246575,-0.024147695031692017,-0.1167772633431097,0.026214204348834994,-0.004428949623982079,-0.02141821883597318,0
2025-05-21 08:43:02.594,14,Rodilla_Der,-15.96982301126825,52.03517002429677,245.69979191768323,0.0681934250592122,-0.05629203368850496,0.08084415025264471,0.012507415050490854,-0.010324570569186172,0.014827695496099394,0
2025-05-21 08:43:02.595,15,Tobillo_Izq,7.1481232615247725,87.41427056042906,252.100224485515,-0.07792644819047506,-0.10363079096172467,-0.08084415025264471,-0.014292557238216876,-0.019007012969996736,-0.014827695496099394,0
2025-05-21 08:43:02.596,16,Tobillo_Der,-15.622003261380886,89.2319174521376,246.67488628662713,0.07066367051330663,0.017871453918266087,0.0494042825587583,0.012960484905013043,0.0032778188148987696,0.009061282179294819,0
2025-05-21 08:43:02.794,7,Codo_Izq,13.387041614210984,-8.325458760402494,250.89105368932232,-0.24323225780289492,3.0466917739268613,-4.558497628528933,-0.1193508477000912,1.4483759213460683,-2.2367944166545053,0
2025-05-21 08:43:02.795,8,Codo_Der,-26.565346586455632,-4.93943289238969,249.04239485438652,-0.2657922828324197,1.3780675892467578,2.501483469182111,-0.1335065579104818,0.631737801481043,1.1480687403701066,0
2025-05-21 08:43:02.797,13,Rodilla_Izq,7.358010693640922,51.05362314252931,244.94102929010253,-1.3184592265293134,1.9772457866841513,2.756672617449867,-0.6372632852932905,0.9261191822520747,1.3041115487877883,0
2025-05-21 08:43:02.798,14,Rodilla_Der,-15.932527122313827,52.318422632854634,245.13145442127248,0.12981704320659787,0.9875549167587134,-1.9814070115123048,0.049959144743952466,0.469434183672768,-0.9368726326225808,0
2025-05-21 08:43:02.799,15,Tobillo_Izq,7.543365436249068,87.59661805936177,251.43217658392027,1.3780026795804114,0.6359422280704025,-2.3285308262540294,0.6549368850372463,0.3127681052234636,-1.0736714475304128,0
2025-05-21 08:43:02.800,16,Tobillo_Der,-15.684300321882935,89.99797629486991,247.66422930055015,-0.21736279399753727,2.6703674642556785,3.448628316083853,-0.11238082046993254,1.2429227042609698,1.601072702355564,0
2025-05-21 08:43:02.997,7,Codo_Izq,13.447337398462373,-8.288139256312578,252.0210772807778,0.17902734137272405,0.34615280477346855,3.355211674887155,0.9323139033892697,-4.271568971637888,17.47280873036426,0
2025-05-21 08:43:02.998,8,Codo_Der,-26.58183849320184,-4.90595658163871,249.19558931990437,-0.07402097080375711,0.2091009726677457,0.6819454700901004,0.24255731883843704,-1.7951108271533651,-2.3893213873298604,0
2025-05-21 08:43:03.000,13,Rodilla_Izq,7.297675795292993,50.19794536264669,244.1424100628115,-0.29508621520037104,-2.6540752438235433,-2.4095783716463166,1.4250685485844186,-11.047593236672254,-11.68811522919141,0
2025-05-21 08:43:03.001,14,Rodilla_Der,-15.936601731907487,52.003217557136246,245.19185018516424,-0.004655202922047436,-0.9582354287047322,0.05215934988673538,-0.24470656732350798,-4.458730239219091,3.5773106002811335,0
2025-05-21 08:43:03.002,15,Tobillo_Izq,7.2000324107782605,87.55105345766921,251.19413128893055,-1.021516341896692,-0.10146107577867913,-0.9473112121047699,-5.315348960891492,-1.3842963878750565,1.3236773198070582,0
2025-05-21 08:43:03.003,16,Tobillo_Der,-15.680169002602284,90.00982859725936,247.59662874630246,-0.0031525807737242586,0.23319905069553357,0.02971159797633458,0.36125251872620795,-3.961291993864447,-5.897775327530452,0
2025-05-21 08:43:03.198,7,Codo_Izq,13.434935325275879,-8.707414023749832,251.7886458519856,0.0332478575920451,-1.6947289839354271,0.6231092921474506,0.2558654075725869,-8.310247829842769,4.795259741359342,0
2025-05-21 08:43:03.200,8,Codo_Der,-26.963164086779003,-4.936053874107377,249.32036459522402,-1.2494542884862352,-0.2255190854161625,0.2594398305444281,-3.4849999374312,-2.1544297760103737,-2.0291703389473748,0
2025-05-21 08:43:03.201,13,Rodilla_Izq,7.333642742708987,50.08327803110128,244.44249387826704,0.21499164587264696,-1.278767933275695,0.05764323795155785,2.0925713005748605,-4.581006403491608,-1.4221202345211807,0
2025-05-21 08:43:03.203,14,Rodilla_Der,-16.301093182676528,51.90979633926594,245.230729836311,-1.227323611899032,-0.6689084459200533,0.3942888174696305,-3.8442993957659355,-2.5504633634223457,3.133416849415089,0
2025-05-21 08:43:03.204,15,Tobillo_Izq,7.122313851057566,87.47787497745277,252.13222248259046,-0.6819588948049172,-0.3480007794333473,3.1794912930084975,-2.9469910332809732,-1.631717434057847,12.38654981242809,0
2025-05-21 08:43:03.205,16,Tobillo_Der,-15.685212299876332,90.01098454858766,247.67512256776754,0.00979513790197121,-0.2807316619951273,-0.173351390031525,0.2434150384143116,-3.614365790153786,-3.968545479749034,0
2025-05-21 08:43:03.371,7,Codo_Izq,13.441505414124277,-8.484671655350299,251.9117780989383,0.04517505811645392,-0.25601904361953115,0.8466409725118621,0.23215702893393658,-3.2050053897254793,4.3509330357785645,0
2025-05-21 08:43:03.372,8,Codo_Der,-26.65821571889135,-5.285318898519225,248.87289837686103,0.4373209203339442,-1.2607727260332453,-1.462357898319301,1.0902590322586785,-4.38036050741227,-5.723843156807993,0
2025-05-21 08:43:03.373,13,Rodilla_Izq,7.360101369724697,50.152480973571265,244.79742854023496,0.2767433898896427,-0.36469239095776873,0.9773887756379684,1.759053920829187,-1.7202106989506527,1.505648907615424,0
2025-05-21 08:43:03.374,14,Rodilla_Der,-16.396042293054705,51.59652190051106,245.39045229963685,-0.7968439521338445,-1.2606603541913848,0.790950414945629,-2.454620205134452,-3.8302474026389666,3.4946509964534824,0
2025-05-21 08:43:03.376,15,Tobillo_Izq,7.094759150563101,87.16008366181913,251.5116474396989,-0.42781832612274134,-1.1477031363508599,-0.37593894866792227,-1.8769064177485777,-3.4992313413821448,1.568618448028852,0
2025-05-21 08:43:03.377,16,Tobillo_Der,-16.000782223662124,89.51448222510346,247.28817663800544,-0.9353970454234821,-1.8269301654453844,-1.502885547780557,-2.322465139383436,-6.768049461974274,-6.352111929179921,0
2025-05-21 08:43:03.547,7,Codo_Izq,13.097570138095069,-8.717353527160931,251.6348672331758,-0.8755944407822226,-0.9372959097696203,-0.1695941583576438,-1.873869741671252,-4.024168844826355,1.4313281489944196,0
2025-05-21 08:43:03.548,8,Codo_Der,-26.842992617258194,-5.388673922219503,248.48632575344837,-0.2927807228351646,-0.9322902212077643,-1.8364050471010476,-0.5593597031181263,-3.28007729436714,-5.9689718588719884,0
2025-05-21 08:43:03.549,13,Rodilla_Izq,7.3717980943756976,50.208631952609636,244.97874313075087,0.24138423369585307,-0.08046167688832996,0.8334863410709807,1.379514225973828,-0.8506928759714104,1.4250118836362153,0
2025-05-21 08:43:03.550,14,Rodilla_Der,-16.400113011752456,51.814011787773445,245.36088077427564,-0.40213238870725615,-0.04230804442228302,0.39780939659550857,-1.4249890318371654,-0.8793934229586831,2.1767505703021777,0
2025-05-21 08:43:03.551,15,Tobillo_Izq,7.100214229385294,87.13436846738311,251.47388522633895,-0.24182213044906725,-0.6284785294162982,-0.05954349049540176,-1.2277310372874264,-2.1371719914334566,1.5927611961237382,0
2025-05-21 08:43:03.553,16,Tobillo_Der,-15.81959305027789,89.94481423976447,247.88704779936126,0.06355240316598211,0.14158645492936864,0.6965080136647765,-0.06306060648478784,-1.6981865429317082,-0.6589596984041082,0
2025-05-21 08:43:03.711,7,Codo_Izq,13.246279352862178,-8.475510629535535,250.82888582839678,-0.08980230612395902,-0.07316534256684908,-1.8060230129444093,-0.41907478649695773,-1.9639745526390975,-2.2150849513301956,0
2025-05-21 08:43:03.713,8,Codo_Der,-26.944927181630565,-5.4126753502929965,248.6621065044142,-0.37664593511188116,-0.6267175573161692,-0.6752118322159802,-0.7705441733218258,-2.485305772660026,-3.413957411558947,0
2025-05-21 08:43:03.714,13,Rodilla_Izq,7.369237903987992,50.48525840147356,244.82007375265763,0.1862904497600864,0.5456869771915129,0.015698545246921512,1.1007884724681087,0.5274052342722096,-0.015857620381055426,0
2025-05-21 08:43:03.715,14,Rodilla_Der,-16.373568823487677,52.15321644921865,245.10767348546588,-0.18548127532302297,0.7007544105065439,-0.2793906117068447,-0.9128303376629467,0.7579177784565048,0.5848725136147284,0
2025-05-21 08:43:03.716,15,Tobillo_Izq,7.103795625552486,87.41527307038561,251.38744280672643,-0.1713473707468227,0.2737247961838765,-0.0863177509609491,-0.9534023328073611,-0.2475372401629563,1.1436987158038703,0
2025-05-21 08:43:03.717,16,Tobillo_Der,-15.718447083704103,89.9828925049234,247.74456690475765,0.24984022512652831,-0.008767295162393761,-0.16474833243924109,0.3555231806022998,-1.5254768656510036,-1.793734363817589,0
2025-05-21 08:43:03.875,7,Codo_Izq,13.358098070684704,-8.393979565529106,251.19575589335884,0.16330909751743858,-0.0280246118108575,-0.07977064727760957,0.062050215628383254,-1.527049327164017,0.3086622268899668,0
2025-05-21 08:43:03.877,8,Codo_Der,-26.709661319312715,-5.413917831549288,248.85762571408944,0.2859095455023993,-0.44382413040789903,-0.13379051468754025,0.34853256086995066,-1.9928383532567406,-2.130982670177325,0
2025-05-21 08:43:03.878,13,Rodilla_Izq,7.086234154031145,50.83190972828318,244.5529345579075,-0.42453992012861985,0.961029721833676,-0.5500374055136008,-0.09435609980319759,1.4363040850903004,-0.9963681855843004,0
2025-05-21 08:43:03.879,14,Rodilla_Der,-16.385534889497233,52.37296197348467,245.41235360742505,-0.17084857143053025,0.7734291451320557,0.5828134624498067,-0.8005633263116368,1.101038326489611,1.8316980902465785,0
2025-05-21 08:43:03.880,15,Tobillo_Izq,7.125792612532415,87.77762944766178,252.05753807045946,-0.09883640191693965,0.8285583778685914,1.458953440140798,-0.7240301301182785,0.9192443508109043,3.577031174718469,0
2025-05-21 08:43:03.881,16,Tobillo_Der,-15.590916985597447,89.47421042474622,246.25683355532118,0.38522830786968876,-1.1913898706437462,-3.30217143430171,0.6526038137197896,-3.295924529625533,-7.019676279991645,0
2025-05-21 08:43:04.043,7,Codo_Izq,13.405140932302176,-8.094904580807635,251.3400673938027,0.15675084533657715,0.4103310193448121,0.26769258159655684,0.11783896055859228,-0.5597784094073743,0.7646739274929739,0
2025-05-21 08:43:04.044,8,Codo_Der,-26.858768631016734,-5.408085778511233,248.89837604734814,-0.13731747161031188,-0.3417629034649053,-0.16938311886041993,-0.2521367375344009,-1.6705474232955564,-1.8537969731630413,0
2025-05-21 08:43:04.045,13,Rodilla_Izq,7.227062321575188,51.00646126952807,244.59359562705777,0.09150565783778718,0.8284125253287354,-0.2266995008151134,0.5402341535325658,1.4155974663932165,-0.5592324689604512,0
2025-05-21 08:43:04.046,14,Rodilla_Der,-16.102845975948476,52.37457756092419,245.1910433259296,0.390742067249166,0.40157318955094545,-0.022969860936357143,0.15883520686900654,0.6737490371374155,0.8060412404906403,0
2025-05-21 08:43:04.048,15,Tobillo_Izq,7.385479601723275,87.95820036165956,251.67525281615582,0.3823940615041199,0.741502670597527,0.17232758258965497,0.1278262499567726,1.0042009667812317,1.5623622386194884,0
2025-05-21 08:43:04.049,16,Tobillo_Der,-15.58855929995701,89.51838614107221,246.3575302414465,0.21241654544231897,-0.6769144325235301,-1.7242065036799412,0.44003461839621894,-2.4319666187545215,-4.778305968241911,0
2025-05-21 08:43:04.232,7,Codo_Izq,13.406365723516691,-8.211381181754854,251.0998876402168,0.0737910870511523,-0.09771731478862011,-0.2259242263593855,0.04318882499448956,-1.010386570836167,0.019229901884258438,0
2025-05-21 08:43:04.234,8,Codo_Der,-26.66042805055286,-5.400972140966,248.74866386170046,0.25717478142472144,-0.2886272289456116,-0.506724314398298,0.3081490614706057,-1.422083168350945,-2.0611453393569295,0
2025-05-21 08:43:04.235,13,Rodilla_Izq,7.054714446615792,51.08354951500603,244.68955165375445,-0.2012888828168801,0.5902379924667562,0.018760301207701762,0.05221389199956916,1.159395680941534,-0.19494280625266758,0
2025-05-21 08:43:04.236,14,Rodilla_Der,-15.919081515462485,52.21713822626952,244.42239639972192,0.47558231504787113,-0.04438537703992773,-1.2255194696020701,0.421225743157491,0.07299252028757142,-1.1010446608655553,0
2025-05-21 08:43:04.238,15,Tobillo_Izq,7.511051005773742,87.99809644796645,251.37959356296153,0.3708902778064356,0.4522971109110716,-0.2745904154499197,0.2529109187419593,0.7150787987711259,0.690311702141396,0
2025-05-21 08:43:04.239,16,Tobillo_Der,-15.690723447515664,90.10049954688759,247.96526746310218,-0.04685699213634161,0.4777956787984328,1.5728288478286694,0.07235313516625203,-0.5869855001590065,0.16543749304604827,0
2025-05-21 08:43:04.395,7,Codo_Izq,13.369470152097904,-8.022444078871752,250.38430133514441,-0.0217320836881702,0.1616218984353031,-1.2301349729028743,-0.06457095051752215,-0.5351733933143332,-1.4587996537975387,0
2025-05-21 08:43:04.396,8,Codo_Der,-26.822333067521054,-5.3975549836846035,248.82036874278165,-0.11377032778525692,-0.25459268627058906,-0.30246911608169513,-0.1445005252900496,-1.2710158279346246,-1.6655064074606134,0
2025-05-21 08:43:04.398,13,Rodilla_Izq,6.974514909362576,50.856911611714,244.73962648764137,-0.2109836827412082,0.010303493245319706,0.06935776935529032,-0.05241684532773838,0.42295728847637126,-0.08695753470141597,0
2025-05-21 08:43:04.399,14,Rodilla_Der,-16.385118895163654,52.325378281180775,244.9766706412213,-0.4878467784782536,0.15841628508003017,0.23266312335066372,-0.7742622171772195,0.32225153036355253,0.5724233511616412,0
2025-05-21 08:43:04.400,15,Tobillo_Izq,7.552569482413851,87.72348061825478,251.17240413518985,0.25316663241759824,-0.16794312426955077,-0.3848620506953497,0.20430007423187874,-0.06396605619276707,0.3168021730482942,0
2025-05-21 08:43:04.401,16,Tobillo_Der,-16.1955651542794,89.96056515972052,248.25376689044626,-0.8126398885636089,-0.06485483325538179,1.1670016811539345,-1.0120379566470097,-1.0442183392535234,0.23029350120826533,0
2025-05-21 08:43:04.549,7,Codo_Izq,13.582419882872927,-8.16025359156903,250.1626285919601,0.3083744088095889,-0.1826188365403002,-1.041181511192224,0.3786567409733904,-0.8544286778836696,-1.4895104429873047,0
2025-05-21 08:43:04.550,8,Codo_Der,-26.47895237987911,-5.625050882679119,249.03738049212947,0.4569750298941855,-0.5789946592783725,0.04023287275123609,0.5959244059161597,-1.6247852078248586,-1.0870174443220022,0
2025-05-21 08:43:04.551,13,Rodilla_Izq,7.396634038381842,50.80741164245891,245.14394749823046,0.5398784624439696,-0.032639781161387674,0.6402023443668101,0.8771167339584373,0.30841018426914435,0.7189536637258969,0
2025-05-21 08:43:04.552,14,Rodilla_Der,-16.491951067901255,52.40780942230389,246.46353844038148,-0.45928411511009,0.22819491461500785,2.4239187541685525,-0.8203430314063438,0.43298498750478537,3.52157294451096,0
2025-05-21 08:43:04.553,15,Tobillo_Izq,7.5729916733146,87.69094304175816,251.42042388830902,0.16730026086403088,-0.1334810181404144,0.22692036140269986,0.1614857605335632,-0.07607247940104535,0.9365521975812143,0
2025-05-21 08:43:04.554,16,Tobillo_Der,-16.036481882277887,89.84463722470275,248.90592844064676,-0.2268941084993103,-0.3004092589275205,1.5571391341205139,-0.4072913089393275,-1.235293687687823,1.1896074626644946,0
2025-05-21 08:43:04.701,7,Codo_Izq,13.919912595049707,-8.247363260792605,250.09777088501096,0.6831340689008608,-0.292563477194552,-0.7222689577580699,0.9459021518230908,-0.9524582005128871,-1.2701720339531577,0
2025-05-21 08:43:04.702,8,Codo_Der,-25.854816253290007,-5.536546367213248,249.18379956410192,1.2004188477369204,-0.28686377525955536,0.14049934064689928,1.681485276434011,-1.2376884852165686,-0.7840632985838155,0
2025-05-21 08:43:04.703,13,Rodilla_Izq,7.63528987729126,50.755407882864525,245.2368143698348,0.6896993219127106,-0.0655114996751938,0.5055874545804004,1.1673053628298338,0.20811874514515352,0.693608393589157,0
2025-05-21 08:43:04.704,14,Rodilla_Der,-16.261916438137195,52.244105695357376,246.31515873764528,0.05265432287466367,-0.09760354418401508,1.2397072513076126,-0.20726393140942356,0.02987172761498591,2.4164107520569305,0
2025-05-21 08:43:04.705,15,Tobillo_Izq,7.5773512872112985,87.68271923243022,251.5875288903288,0.10006976789072544,-0.08221323410059353,0.4401813990218573,0.1160118249898008,-0.05040452904220161,1.1778858885128545,0
2025-05-21 08:43:04.706,16,Tobillo_Der,-15.885849192552032,89.76062054475693,248.59430042095724,0.08101244139593645,-0.3776560454685256,0.3780497622540135,-0.031062962431233132,-1.282972994790404,0.07553858612579001,0
2025-05-21 08:43:04.857,7,Codo_Izq,14.06877518649134,-8.272963642570465,249.30780666703632,0.6266294524725473,-0.26216275348444446,-1.620168121769982,1.005456806906496,-0.8901072698912693,-2.5657524453891387,0
2025-05-21 08:43:04.859,8,Codo_Der,-25.293421571046526,-5.4761560391733815,249.37700910568492,1.5450629122047146,-0.15875657101052,0.2791624621684092,2.372942286363503,-1.0018068663818882,-0.42986437542321126,0
2025-05-21 08:43:04.860,13,Rodilla_Izq,7.767808042758966,51.169538077453716,245.3886022308146,0.6258566070238696,0.5990653610362091,0.5245525101229724,1.1875242919382771,1.034407215741672,0.8193545872503277,0
2025-05-21 08:43:04.861,14,Rodilla_Der,-16.15211410913751,52.68856852216958,246.7616807022853,0.16768926457788277,0.6124373589347838,1.4613048227738155,-0.0033503359547192857,0.9296846527636815,2.853193919995019,0
2025-05-21 08:43:04.861,15,Tobillo_Izq,7.584456933490974,87.79352677619094,252.00514609322477,0.06804904007402296,0.12023274854671918,0.9302093331810128,0.0964806112840309,0.19305033299229954,1.8327747603643594,0
2025-05-21 08:43:04.863,16,Tobillo_Der,-15.782932588989713,89.67109971723004,248.24329974651747,0.18695808924574175,-0.42659613330182206,-0.3333551642810936,0.14644751396801187,-1.3118274186636736,-0.729675792716844,0
2025-05-21 08:43:05.022,7,Codo_Izq,13.875750394181813,-8.46451752596774,247.89758221430088,0.10139226847864508,-0.48546781818672363,-3.0511166054038874,0.40197536526654987,-1.1555326497523022,-4.72456840519122,0
2025-05-21 08:43:05.024,8,Codo_Der,-25.15908324301293,-5.641973902122986,249.13842613777135,1.1323426367491398,-0.4110196276510422,-0.26178055621096435,2.0762328030988284,-1.2473328821070628,-0.9726844468387059,0
2025-05-21 08:43:05.025,13,Rodilla_Izq,7.623910395455852,51.03518854842121,245.58323997857443,0.19026317629086759,0.1773092086742154,0.603688575300113,0.6751527288565906,0.553269611252434,1.0084843242782446,0
2025-05-21 08:43:05.026,14,Rodilla_Der,-16.28718379782527,52.50841899772554,246.8271741792803,-0.12086146199421183,0.1064720895600708,1.039055406409118,-0.32009409552561313,0.35783153003823287,2.4365932534959303,0
2025-05-21 08:43:05.027,15,Tobillo_Izq,7.582547210480628,87.61374727869153,252.15329486677257,0.03765953232941204,-0.18928446211792613,0.8186882082956859,0.06838344502126895,-0.2007286988061396,1.7744670198711956,0
2025-05-21 08:43:05.028,16,Tobillo_Der,-15.779408701940323,89.73271732869313,248.909346791335,0.10496794354865815,-0.23097594019375767,0.7513385764888946,0.0894676728166377,-1.0203269006280082,0.6936242717664864,0
2025-05-21 08:43:05.179,7,Codo_Izq,13.643426398336413,-8.309244362714988,245.38525694733485,-0.2536454412350998,-0.10905053426883769,-5.5332798858951255,-0.09141679589824026,-0.6774445808792802,-8.580899151177432,0
2025-05-21 08:43:05.180,8,Codo_Der,-25.25404957006433,-5.721881148513683,248.13253446287865,0.5868300744856751,-0.4248097413027305,-1.6777830461816299,1.4967808336036033,-1.2482503542071572,-2.8309155496651943,0
2025-05-21 08:43:05.181,13,Rodilla_Izq,7.5090462905072854,51.29226821616027,245.41699130905806,-0.015565156462616019,0.5088639509074869,0.13545213650762886,0.3771940292216133,0.9873072269735507,0.47648780663386237,0
2025-05-21 08:43:05.182,14,Rodilla_Der,-16.804133417899155,52.83201005981033,246.9968884434069,-0.8393227015404576,0.5543662259475381,0.9612504486283197,-1.2835220686747242,0.947767944039319,2.393009359692097,0
2025-05-21 08:43:05.183,15,Tobillo_Izq,7.560769184599838,87.71366420426797,251.6064094920063,-0.007662645791266155,0.037709193499953,-0.24718794487776954,0.012826603773814345,0.056502347853388674,0.4166593933674043,0
2025-05-21 08:43:05.184,16,Tobillo_Der,-16.13122409271216,89.37980754804154,248.2086759511079,-0.4546093979523659,-0.7165662605248792,-0.601978115511743,-0.6305413205077762,-1.613737890020436,-0.9177761473715214,0
2025-05-21 08:43:05.333,7,Codo_Izq,13.09889510492049,-8.61018535057045,244.0271733440013,-0.9228839956963482,-0.5521415850302434,-5.385989084618843,-1.0822881130184658,-1.219812666281884,-9.3689273803294,0
2025-05-21 08:43:05.334,8,Codo_Der,-25.334596371507033,-5.965596020220354,247.42039045351262,0.2969023650512724,-0.6703636811303835,-2.091952135472729,1.1253071437832074,-1.568950547650495,-3.6546761946574975,0
2025-05-21 08:43:05.335,13,Rodilla_Izq,7.6489735012715165,51.10033012655259,245.5965964593223,0.23091070943865802,0.05120782205043131,0.36947920246584853,0.6480324877928578,0.43255718950552313,0.777129097328862,0
2025-05-21 08:43:05.336,14,Rodilla_Der,-17.531987162070095,52.62536366376943,247.11205425377725,-1.5764410458856257,0.04776999418266131,0.8413982580754852,-2.428912784106612,0.3512322654745472,2.271457626186652,0
2025-05-21 08:43:05.337,15,Tobillo_Izq,7.5545763496569975,87.45908665699108,251.5241679096369,-0.011505951978329163,-0.3482645625637456,-0.19949029411827388,0.0026828080693567253,-0.45651067164180004,0.3203143169682639,0
2025-05-21 08:43:05.483,7,Codo_Izq,13.798897330819292,-8.5239500771866,247.23050372673367,0.486734819113694,-0.2467365235363261,1.2778888046682444,0.6080502940311316,-0.8561999031364502,-1.1871335796663072,0
2025-05-21 08:43:05.485,8,Codo_Der,-26.382019205338544,-5.734577317892898,248.59645269840922,-1.2921333819224747,-0.12232330394145077,0.395138707789013,-1.0690586111539577,-0.8746108077301091,-0.6117859761554945,0
2025-05-21 08:43:05.485,13,Rodilla_Izq,7.771553976485476,51.38711849620214,246.7514168568889,0.34782016415931166,0.4830539104527244,1.9378783059999616,0.8079706269300351,0.9771660895451884,2.9430190977313293,0
2025-05-21 08:43:05.486,14,Rodilla_Der,-17.785715577906615,52.582787087895866,247.63895410039686,-1.3433532139195745,-0.00829876656399452,1.3769658902419086,-2.4074083136406337,0.24450732824407997,3.0156321467341316,0
2025-05-21 08:43:05.488,15,Tobillo_Izq,7.556339275848283,87.15406641457224,251.6589563952803,-0.0026987464600722972,-0.6543811690322159,0.13017442387412842,0.009561061357582607,-0.9480591548764279,0.6404277137038941,0
2025-05-21 08:43:05.489,16,Tobillo_Der,-16.88217755250961,89.60787434250338,249.55198266583463,-1.3706141311131825,-0.15460164619327965,1.5902286919828132,-1.9600362923700354,-0.9167939288938473,1.9248858672011095,0
2025-05-21 08:43:05.635,7,Codo_Izq,16.150722514951802,-11.152485497532538,249.7185701333874,3.748536415104162,-4.063992203919228,4.164681844080839,5.162253955077541,-6.032969865824601,3.440355918286903,0
2025-05-21 08:43:05.636,8,Codo_Der,-28.18527431182747,-6.981664284003663,248.61287771104145,-3.3652942382856548,-1.972580816646547,0.15735134633249886,-4.266134229978848,-3.3181750344024836,-0.6853492749371817,0
2025-05-21 08:43:05.637,13,Rodilla_Izq,7.027065740207295,50.929562256799514,247.32400772232526,-0.858277654216976,-0.3563510165916299,2.028421073045915,-0.8103611240332376,-0.1109253530364609,3.43077361354304,0
2025-05-21 08:43:05.639,14,Rodilla_Der,-17.75520311694664,52.533926887529255,248.81439081905063,-0.8097059243504577,-0.05398480473492106,2.655663656760882,-1.8796552116049303,0.14335158190279548,4.882242557988603,0
2025-05-21 08:43:05.640,15,Tobillo_Izq,7.55314144516002,87.12337023038147,251.5945919039611,-0.005135546446567026,-0.4413843522292928,0.024518022812586446,0.003749241235410758,-0.7875866796501985,0.4566424152861629,0
2025-05-21 08:43:05.796,7,Codo_Izq,18.558056038970175,-9.84988104790275,249.463225620319,5.77167147220613,-0.528605614877402,1.8788330641037976,8.669711829082534,-1.9547440281835184,1.5026273127788443,0
2025-05-21 08:43:05.797,8,Codo_Der,-29.64379539159497,-5.2740627367877355,246.35194985215014,-4.11120135866154,1.2928796634765714,-3.324429689732982,-6.011020504049131,0.8342450902578165,-5.265946252840955,0
2025-05-21 08:43:05.798,13,Rodilla_Izq,6.847667204919175,49.887948893478814,244.03280109877417,-0.7387463849861889,-1.7118737415754288,-3.5916067473988087,-0.8751209368224964,-2.0888739841931,-3.9277193584448336,0
2025-05-21 08:43:05.798,14,Rodilla_Der,-17.29427287589898,52.09302774353966,243.79959436334292,0.12871199960606153,-0.6619142421776163,-5.706788405503506,-0.6446766843599074,-0.7298252787928944,-6.181461071832427,0
2025-05-21 08:43:05.799,15,Tobillo_Izq,7.917581570601141,86.98774822528199,249.96452934876135,0.5353548857801531,-0.4783042204270221,-2.349831623716547,0.7383390275854235,-0.8986235150725009,-2.8416290784168474,0
2025-05-21 08:43:05.800,16,Tobillo_Der,-16.283111486759484,88.88594251852292,246.82608078361565,0.05615513977113544,-1.2150005521997018,-3.0728230084450536,-0.2872363303188208,-2.2779117926650736,-4.038891948633319,0
2025-05-21 08:43:05.952,7,Codo_Izq,19.4140188971032,-3.942931326079666,245.20429253093803,4.762657637027507,8.271067458890442,-5.2523181751498,8.357360001761666,10.122230465199454,-7.6787918335628484,0
2025-05-21 08:43:05.953,8,Codo_Der,-30.28968735654484,2.1365950865558547,243.74158256755146,-3.4306811155356325,11.595451333525881,-5.886065245086253,-5.865253831643641,15.28859151389185,-9.331338883461566,0
2025-05-21 08:43:05.954,13,Rodilla_Izq,7.441927137988426,50.44181923729756,238.20059973489145,0.4483008901206947,-0.17893333403841785,-10.633023166322586,0.5724722311655874,-0.3860286599128653,-14.412079505812102,0
2025-05-21 08:43:05.955,14,Rodilla_Der,-16.49235702889514,52.628355578247195,236.32684086873402,1.1821462595370218,0.4108815478859188,-14.247637235489481,0.9411100899697251,0.5716428877053682,-19.238739740791196,0
2025-05-21 08:43:05.956,15,Tobillo_Izq,7.624269031931814,86.2626983813261,245.34743963824317,-0.11309630376252565,-1.3744075245403833,-8.161638728038655,-0.037477328423696554,-2.18188050173284,-11.303610835764204,0
2025-05-21 08:43:05.956,16,Tobillo_Der,-15.470774203627608,88.74641029230007,245.3594124133218,1.1914789571146054,-0.9846901346588703,-3.9659402946959097,1.3209128037541489,-2.1205643459642665,-5.902440524548066,0
2025-05-21 08:43:06.102,7,Codo_Izq,17.45205193867921,8.025969194709802,237.58984135712683,0.1294846965071385,22.485273867894044,-14.410003560364043,2.7816804105585415,31.461763473130624,-21.2294551161698,0
2025-05-21 08:43:06.103,8,Codo_Der,-28.691307617631306,13.032781375211906,238.16476554058056,0.1931258666670593,22.953682070851617,-11.858191389876708,-1.480160556345031,33.34821397871103,-18.554968342768717,0
2025-05-21 08:43:06.104,13,Rodilla_Izq,6.419893162944508,52.98663469085647,231.73504055048903,-1.2402376076118784,3.6287545447745893,-15.889041866428402,-1.631483838920023,4.794683635744153,-23.872265700836664,0
2025-05-21 08:43:06.105,14,Rodilla_Der,-15.608640108027384,54.828892122066186,228.77960500734656,1.9508134938569588,3.488714012762616,-19.639714258020394,2.339512461449092,4.859877213262013,-29.67164171793572,0
2025-05-21 08:43:06.107,15,Tobillo_Izq,7.39550067076644,86.0709571938929,241.59827855884672,-0.3944226138090177,-1.1334443182461231,-10.42967910459459,-0.46250178675866604,-2.102327629787333,-16.11879872908803,0
2025-05-21 08:43:06.108,16,Tobillo_Der,-14.85528546092635,88.37167216162823,242.57567567609743,1.592537718687252,-1.2104609217710838,-6.5148248983245205,2.1648638945963063,-2.5265464073737136,-10.14950835964057,0
2025-05-21 08:43:06.264,7,Codo_Izq,18.603648856021486,2.467741321783418,269.0670901200034,2.0169419933348,5.157320285892498,37.70635116399446,4.980623768538226,12.169504685707548,47.25251540630258,95
2025-05-21 08:43:06.265,8,Codo_Der,-33.40047241910423,5.534488360574205,268.44227384532695,-6.985049796119697,2.6936394383430176,37.36962592265413,-10.966217273636435,9.956242099399478,46.61786291341211,95
2025-05-21 08:43:06.266,13,Rodilla_Izq,5.034594712329074,52.054194052293944,230.90427542719945,-2.7664010388039726,0.7535827309147349,-10.806250933980799,-3.969598854827687,1.6174455099548224,-19.757730574811557,0
2025-05-21 08:43:06.267,14,Rodilla_Der,-14.753224879761579,53.14687931239962,228.17925868283612,2.3808234676519855,-0.408926529818563,-12.744369726883747,3.3636975431522345,0.22026518715066423,-23.72452760471036,0
2025-05-21 08:43:06.268,15,Tobillo_Izq,7.177731743097492,86.96670343656783,243.8790088280581,-0.5463819892710277,0.5981185941820943,-2.973415431601866,-0.7599040487659178,0.1205655161703354,-7.727804041409572,0
2025-05-21 08:43:06.269,16,Tobillo_Der,-14.862462489926342,88.51773193358723,243.56952455965035,0.9288589940745711,-0.5818230346627332,-2.5019575746096097,1.577901943802867,-1.7754021505305762,-5.780447388809426,0
2025-05-21 08:43:06.426,7,Codo_Izq,17.003060940393873,-23.796305343046775,247.69989994177962,-0.9476473022316452,-35.0166950155583,-9.466374380497832,1.0018225976633106,-42.289343386866264,-8.840755903606627,18
2025-05-21 08:43:06.427,8,Codo_Der,-29.201165253250874,-20.415242295909707,252.80102093217235,1.8996208848386864,-35.90379191725417,-1.2780286168831465,-0.03568271077495133,-43.02181286730631,2.0906008352592167,17
2025-05-21 08:43:06.428,13,Rodilla_Izq,5.051668490470238,38.00103376643999,233.40212888591864,-1.6284469938510406,-20.1247497588117,-3.192250025254741,-2.939245829096915,-26.747047119957436,-10.764494235805689,0
2025-05-21 08:43:06.429,14,Rodilla_Der,-15.471665002230722,39.797126826799555,231.46107410583946,0.3636606729019949,-19.761770334033987,-3.3114399721523364,1.0721943882312686,-26.327190081272626,-12.4360235750643,0
2025-05-21 08:43:06.430,15,Tobillo_Izq,7.903793399495148,77.16521046407239,245.96188316892383,0.7413122218166649,-14.09722339675236,0.9546855035766829,0.8869498908351844,-19.659631410822136,-2.4050883826957774,0
2025-05-21 08:43:06.431,16,Tobillo_Der,-15.148751868193372,79.59041740948936,244.67895564859563,0.1581710918601692,-13.535654652939558,-0.07338330539757773,0.6659092696277954,-19.36097584264609,-2.6088400041798625,0
2025-05-21 08:43:06.585,7,Codo_Izq,16.547506691639544,-46.065159462615696,228.65624704931506,-1.0137557652543487,-52.825300679332734,-33.09211610096363,0.37279934990302077,-74.30930060371344,-43.45407873799462,100
2025-05-21 08:43:06.586,8,Codo_Der,-28.30877164978141,-43.111376504628154,234.10547185648417,2.1861033721614618,-53.93163445894935,-27.751152826758908,1.1334269586743866,-75.58952368600515,-34.72204746572638,100
2025-05-21 08:43:06.587,13,Rodilla_Izq,4.7095940712550926,24.077904516828923,232.96634015796823,-1.5328923625750213,-32.23361928377429,-3.1290805678133506,-3.024695116876573,-47.32312943554268,-10.33725878460163,0
2025-05-21 08:43:06.588,14,Rodilla_Der,-15.855825881396715,26.558881406372528,231.82517546415025,-0.2926060490080177,-31.02348839968315,-2.170532258541278,0.1650595650703296,-45.66823659739538,-10.33782232170826,0
2025-05-21 08:43:06.589,15,Tobillo_Izq,8.431393657364564,63.81779880021741,243.1621958833064,1.199714132670726,-27.92435280966383,-3.876621843963964,1.6766856513555424,-41.19500006769272,-8.213832506692645,64
2025-05-21 08:43:06.589,16,Tobillo_Der,-16.1320709419471,66.51828639154229,241.72577237551204,-1.30272036175198,-27.231851808542388,-4.598420182053266,-1.3551655390680137,-40.52273383753518,-8.386041237549613,53
2025-05-21 08:43:06.747,7,Codo_Izq,16.754605538257913,-46.45244190011948,216.00038817215244,-0.1343324018435302,-32.102850540918915,-37.94376608116417,1.096472135602387,-56.34474749312756,-56.870806766279635,100
2025-05-21 08:43:06.748,8,Codo_Der,-28.28386249221778,-43.38811992174051,221.78917922455034,1.1595799904562534,-32.576097695216625,-34.14517788863358,0.4573203405467704,-57.02075426593175,-49.39119845887096,100
2025-05-21 08:43:06.749,13,Rodilla_Izq,5.530217640654029,27.340303464801877,232.63165527179498,0.2015884030933528,-14.666351251543512,-2.9128355155099013,-0.8331985165703584,-29.37945420178252,-9.738682860765017,0
2025-05-21 08:43:06.750,14,Rodilla_Der,-16.006870688122568,29.03414701439754,230.73743311068233,-0.3411866966961683,-15.09753457857475,-3.5664071852823898,-0.0451801543131064,-29.711804862923856,-11.536435128936358,0
2025-05-21 08:43:06.751,15,Tobillo_Izq,9.097251936973848,69.39667937031959,235.47755651196155,1.6873665178958024,-8.705408643463787,-13.792533055066526,2.5706446459797263,-20.192027469260438,-21.99209686361404,0
2025-05-21 08:43:06.752,16,Tobillo_Der,-15.407606720211444,71.74644317910807,234.70020132652803,0.3246589116793021,-8.832677552239343,-13.182006968743996,0.5288526857935889,-20.46190428416152,-20.618506672537396,0
2025-05-21 08:43:06.915,7,Codo_Izq,17.632957723061953,-28.37167241429807,215.35658094287885,1.3235308043835359,6.222194387294691,-23.733058437984916,2.839436593369606,-8.545810352878014,-43.981212481292964,44
2025-05-21 08:43:06.916,8,Codo_Der,-28.652104624547654,-22.965195903292276,215.78414942089054,0.036349650703735255,9.3491540898183,-29.0783302862035,-0.664496803786096,-4.435662756567737,-48.52219540139445,94
2025-05-21 08:43:06.917,13,Rodilla_Izq,7.35374519174829,40.19459724506173,224.32932813743227,2.66414614828029,9.173683143270061,-14.352910744932437,2.7128431765864818,1.6024261527331376,-24.845159546929963,0
2025-05-21 08:43:06.918,14,Rodilla_Der,-16.706989429677456,41.25872812561639,222.9843291940535,-1.1784001239680624,8.028858288652469,-14.025932389242156,-1.3090590206233133,0.18261426230616706,-25.295109096650116,0
2025-05-21 08:43:06.919,15,Tobillo_Izq,10.273543671951966,77.65422699422902,230.92932411816443,2.7294066966179993,6.090883033232515,-15.032784148964993,4.255445187254594,-0.4899062067738065,-25.76243285502266,0
2025-05-21 08:43:06.921,16,Tobillo_Der,-16.87088943688063,80.28252535656203,232.98009119120206,-1.9299196104365994,6.411149855559231,-10.506310080530989,-2.4727729306571744,-0.16953471408136522,-19.062872033693765,0
2025-05-21 08:43:07.084,7,Codo_Izq,16.21163907629291,-10.142433176282815,224.5166446173274,-1.1780187599515213,28.404815191918587,-1.8435909044511414,-0.4483829079345827,25.229712865179543,-17.08647750523161,0
2025-05-21 08:43:07.085,8,Codo_Der,-27.458005994019082,-5.512885429919441,221.70801141038277,1.681080726552383,29.106403079806316,-9.41057933797775,1.6728262404303704,26.6822024874047,-26.062681880583366,0
2025-05-21 08:43:07.086,13,Rodilla_Izq,7.887465594608288,48.132333070526585,218.77261077509465,2.252388682000405,15.835983736525435,-17.012901357362118,2.8042908212213966,14.038440249309879,-30.288925559764028,0
2025-05-21 08:43:07.087,14,Rodilla_Der,-17.311511651869,49.13205632003909,218.26394224112832,-1.5404362381004755,15.082222156064697,-15.696422632896551,-2.0657042234694942,12.908322395500202,-29.20134377083588,0
2025-05-21 08:43:07.088,15,Tobillo_Izq,10.82304137015746,84.67382012669684,230.29448320779565,2.4551255259357028,12.896289776546261,-10.285045814050447,4.313589613269829,11.224662862794263,-21.349900853220745,0
2025-05-21 08:43:07.089,16,Tobillo_Der,-17.317210439026486,86.48401454072068,231.47658991330678,-1.7674634595284355,11.888344055274093,-8.82583844840053,-2.6414531398859045,9.831206932618958,-18.01879542350386,0
2025-05-21 08:43:07.246,7,Codo_Izq,14.917341979461074,-9.19663216601348,234.5808288338456,-2.4609528117281108,16.980371271788883,12.066613571980707,-2.582243136381919,17.468518610705708,3.5010135775901716,0
2025-05-21 08:43:07.247,8,Codo_Der,-27.443092101124336,-3.233201850807165,228.88050082260273,0.9626046596164007,19.371512841320904,3.516239291013067,1.1290611539697046,21.256384808862727,-8.482875557999197,0
2025-05-21 08:43:07.248,13,Rodilla_Izq,8.298554459586516,50.34940805120477,221.1494582137045,1.9079908835709907,11.905431435186792,-7.352380927814903,2.8218360546717953,12.997924148467913,-19.52924319820709,0
2025-05-21 08:43:07.249,14,Rodilla_Der,-17.18585628689533,51.85643205423155,222.3945625029006,-0.7311443288592427,12.180476936416676,-4.102710920888966,-1.2829064543870448,13.120768220204546,-15.474354712106903,0
2025-05-21 08:43:07.250,15,Tobillo_Izq,10.657011380564002,86.40011129800438,230.29349580347096,1.3112726644024355,9.561293697046471,-6.80941555982025,3.106447828711511,10.228571675973006,-17.56347496094462,0
2025-05-21 08:43:07.251,16,Tobillo_Der,-18.036462246961396,89.75904469212088,232.51733034835067,-2.1119232223582713,11.19755071986524,-4.310213157416173,-3.415127099893327,12.19958494867485,-12.752867644317158,0
2025-05-21 08:43:07.414,7,Codo_Izq,14.49115836730736,-11.234702318827146,239.29053513222712,-1.9927784562611945,6.5303078825480165,12.663037010985795,-2.537803488861994,7.51522662718696,8.614568668642994,0
2025-05-21 08:43:07.415,8,Codo_Der,-28.087018044670486,-4.301954075710968,233.3920194240517,-0.378956591536311,9.392108036604801,7.29792158853872,-0.4637791777632181,12.301878975761172,-0.6452378751459928,0
2025-05-21 08:43:07.416,13,Rodilla_Izq,8.20476618964256,51.10909549265856,226.60920553655484,1.012352751439547,7.810335176063321,2.6169288642606836,1.9422600965132117,10.243769808566759,-6.015480634090528,0
2025-05-21 08:43:07.418,14,Rodilla_Der,-16.390918696855366,53.402347580785005,227.2350906813241,0.6879632590454546,9.082985986946289,3.6050326226569407,0.531721318291777,11.798674263052948,-4.329341450907641,0
2025-05-21 08:43:07.419,15,Tobillo_Izq,10.449443412588728,88.90392537235383,234.61688995885595,0.6025252074985202,8.985318584929386,1.416337027439191,2.19255017224086,11.695270424202718,-6.483927914338322,0
2025-05-21 08:43:07.420,16,Tobillo_Der,-17.408268661753592,91.09536481050952,233.26758709134293,-0.3920949883495153,8.240965685413695,-2.1293528315361963,-1.4166978996332829,10.815973791323813,-9.547910950872506,0
2025-05-21 08:43:07.570,7,Codo_Izq,14.372806936551092,-10.759919818450422,238.94264589287343,-1.348557016923495,4.471241299742142,6.290388581023364,-2.101643929915492,6.273911029137185,3.8846098786237286,0
2025-05-21 08:43:07.571,8,Codo_Der,-28.333104412416507,-4.261930745984566,234.42459844100773,-0.5777260357072707,5.639134788417917,4.891471879556333,-0.8156649465993957,9.232162969942221,-0.8421259939259701,0
2025-05-21 08:43:07.572,13,Rodilla_Izq,9.180845314221104,51.11946974261738,228.35969907357799,2.068335815478471,4.657582692775215,3.2168233376166544,3.4847129236936327,7.646206602770016,-3.2669805534419813,0
2025-05-21 08:43:07.574,14,Rodilla_Der,-15.883800288229047,54.029677517020694,230.13111763589828,1.1075373798560288,6.294890788918409,5.494955121690338,1.2952055570848044,9.975931921583951,0.3042955764293369,0
2025-05-21 08:43:07.580,15,Tobillo_Izq,10.776641176743576,89.11771475977136,234.95626286422416,0.9596383974806553,5.641660991428198,0.5661158780211205,2.5929545239324825,9.10123181337076,-6.100923885674136,0
2025-05-21 08:43:07.581,16,Tobillo_Der,-16.57443974816876,91.33134741120675,234.00649559702464,0.8886673394954148,5.240199257582366,-0.8186246266430925,0.35615401444634065,8.512249979735936,-7.238045648318298,0
2025-05-21 08:43:07.754,7,Codo_Izq,15.703279940532536,-12.432404287299063,236.73553637845504,1.1094683197201805,0.19134657669082955,-0.038044898639664204,1.0104398536089252,1.2557743637601249,-2.732090250098235,0
2025-05-21 08:43:07.755,8,Codo_Der,-27.707092903940023,-4.485130116577988,233.44221584818956,0.5648217499203467,3.0945290234923304,0.6226065393315042,0.6227544408835686,6.494444258293558,-4.446505861675374,0
2025-05-21 08:43:07.756,13,Rodilla_Izq,13.36860309563283,48.183597219585025,223.05630781644174,7.291491143253949,-1.4027525772963607,-6.578765398761796,10.704549465447394,0.08236806821636566,-14.522685953368121,0
2025-05-21 08:43:07.757,14,Rodilla_Der,-14.912560981325814,52.57541508496153,231.11040796538123,2.0147730004559943,1.6851026991781886,3.828583381536698,2.7304701542807384,4.608525587666397,0.22774720529722947,0
2025-05-21 08:43:07.758,15,Tobillo_Izq,18.81563363936919,86.50674992174254,232.7721967289994,12.260430997981342,-0.35528601042510094,-3.5365255604461163,17.65721957788871,1.765880529577232,-10.310612371509668,0
2025-05-21 08:43:07.760,16,Tobillo_Der,-15.060058124977857,90.90335258083272,235.8037005261161,2.6032926579291997,2.5510706931796543,1.4740294385890107,2.946696066812496,5.5452633977870285,-3.246433961801489,0
2025-05-21 08:43:07.929,7,Codo_Izq,19.664077581770744,-12.18794685937872,231.1096688581736,6.254950885038715,0.5616167718450604,-8.323802504297205,8.139997126219724,1.6199385758001146,-13.333653667023599,0
2025-05-21 08:43:07.930,8,Codo_Der,-23.672067972761262,-4.661643913840637,233.14796338708967,6.076954471734234,1.7941024910251777,-0.588448892939789,8.086345807396288,4.937200670630618,-5.083413508589458,0
2025-05-21 08:43:07.932,13,Rodilla_Izq,21.9486650912079,45.22350199737599,216.6352523945549,16.606027604993876,-4.848072338972495,-13.588440687341834,24.270080463786805,-5.079134094766484,-24.110178201539547,0
2025-05-21 08:43:07.933,14,Rodilla_Der,-12.673636232345071,51.118284090906066,229.95383825742917,4.377323684130228,-0.8578703398794001,0.09322049938987384,6.234790423180701,1.1420613792612135,-3.2539721051891446,0
2025-05-21 08:43:07.934,15,Tobillo_Izq,35.932536628382124,80.9597361639081,225.30115279605255,31.727862915236322,-7.900366526595947,-13.294896782376677,45.59023708127418,-8.71154577486546,-23.031548778342497,100
2025-05-21 08:43:07.935,16,Tobillo_Der,-13.764358019155114,91.0160778210015,236.7732834601047,3.317233704551572,1.8669605845875952,1.7195571069125182,4.455559540117349,4.7467596080054975,-1.799856755599105,0
2025-05-21 08:43:08.087,7,Codo_Izq,29.46394825125904,-9.927560705883067,217.66635108472195,17.706982694659697,3.6420233374335944,-24.369330253005295,24.70227772006058,5.710717295785216,-36.07922760581439,30
2025-05-21 08:43:08.088,8,Codo_Der,-12.08789588067252,0.7291256511381112,267.5889062004962,20.163400349058325,9.001264427623909,48.3905542451653,28.095895156913006,14.531303941876773,60.697647456353764,100
2025-05-21 08:43:08.089,13,Rodilla_Izq,35.05936664618284,46.15557964283265,207.2761822804323,28.84071701544028,-1.4426006248607495,-22.04043235801488,43.63778468764907,-1.731205935040006,-37.254408000273784,0
2025-05-21 08:43:08.090,14,Rodilla_Der,-6.016187710295111,51.992502115090325,227.51390067894704,12.155248767946679,0.94601792927086,-3.7388793832190075,17.43106150417605,3.0347103228041625,-7.843994043718368,0
2025-05-21 08:43:08.091,15,Tobillo_Izq,55.55511664653453,80.15669095111211,214.26549363181437,47.28789848150109,-5.704176658503927,-24.19325725724274,72.29449339427416,-7.660312246371661,-39.477226386241455,100
2025-05-21 08:43:08.092,16,Tobillo_Der,-12.103963460856944,90.54623833942051,237.11306600669928,4.357086025477766,0.6560870986055755,1.134216952796293,6.5111986860271465,3.180441138563732,-1.6273571281824113,0
2025-05-21 08:43:08.247,7,Codo_Izq,39.924724658952364,-9.393596164465698,202.04912898093585,25.657135380641485,3.01495197050389,-37.256806506969724,38.74077323889125,5.47967410483956,-57.69017249552017,100
2025-05-21 08:43:08.248,8,Codo_Der,8.834006637165013,2.4533934649463403,245.59840491732115,42.14181188797484,8.07099299019304,-3.094813132923406,61.36648424772149,14.72616878543903,2.205082400147944,100
2025-05-21 08:43:08.249,13,Rodilla_Izq,48.42405133512368,46.3581090879386,201.8788563046992,36.836637923371576,-0.5504960889912971,-21.605440580794074,59.37308277912907,-0.8584351611902172,-39.9451991510945,0
2025-05-21 08:43:08.250,14,Rodilla_Der,8.009356090973796,51.324272207998966,224.6903383460813,27.47840822414445,-0.2297030143178584,-6.545361105370895,40.18637156025413,1.3888232114476735,-11.923238268449136,0
2025-05-21 08:43:08.251,15,Tobillo_Izq,67.12702635095529,79.67466505559017,205.1338667459821,45.62923036113748,-4.093671532958515,-28.185314865906875,78.2388317164258,-6.6502461067121335,-48.61767938917985,100
2025-05-21 08:43:08.252,16,Tobillo_Der,0.47468481731438317,89.52836395829699,235.40835533475786,20.709764407000346,-0.8543273472653312,-2.0642244866912227,29.14736473191428,0.9490306376580393,-5.20522912192331,0
2025-05-21 08:43:08.406,7,Codo_Izq,47.88443609217448,-9.90675425213643,191.9495414884538,27.15569440129027,1.1875312875485218,-37.461898739222306,45.273711382898966,3.42201499886385,-64.3190520331951,100
2025-05-21 08:43:08.408,8,Codo_Der,16.333026603067957,3.9273958038575136,245.13299957749436,36.348198749146114,7.293238905566869,-1.9202665177701925,61.36648424772149,14.72616878543903,2.205082400147944,100
2025-05-21 08:43:08.409,13,Rodilla_Izq,56.814203004184094,47.09572353509143,198.76646510946114,34.95490156271193,0.7255144622552401,-18.36986280087746,62.78279433432038,0.7596197728381826,-38.31984806427778,0
2025-05-21 08:43:08.410,14,Rodilla_Der,26.753703741339805,49.15422770344566,220.18475080991396,43.70729675618213,-3.1095167550607616,-10.689039521148716,66.98791744888996,-2.7730475368097998,-18.328268452138378,0
2025-05-21 08:43:08.411,15,Tobillo_Izq,73.08173776776013,79.84657845196779,199.68474151944233,37.33251344640081,-2.296025239386684,-25.64254981921947,73.76020243150526,-4.891273353407897,-49.27038234333985,100
2025-05-21 08:43:08.412,16,Tobillo_Der,31.871280262909572,85.1533089454268,230.92815153010616,57.752736638552534,-6.62568313973543,-7.919982035995466,82.78843785224805,-7.275668383397084,-13.108791611420415,100
2025-05-21 08:43:08.561,7,Codo_Izq,53.72616435596476,-10.680381456343389,187.79890014673023,25.51513662608331,-0.24593153076171687,-29.699609279416876,47.454322363140186,1.475541457540343,-59.6568281672351,100
2025-05-21 08:43:08.562,8,Codo_Der,33.158419145922466,-0.1737451067736142,229.38956649244403,47.283591653082226,-1.1379376314264933,-23.5477318189219,81.84406696835924,4.186500702433134,-27.99346005929878,100
2025-05-21 08:43:08.563,13,Rodilla_Izq,63.110362035259016,48.212288228038524,198.13142599857986,31.47759124150949,2.0338928341009557,-13.147541044646402,63.097699061844324,2.7028263551988667,-33.14363182928457,0
2025-05-21 08:43:08.564,14,Rodilla_Der,46.37230364191143,52.13666843313407,220.46782144313232,55.350349389334184,2.5925769647761228,-6.343896181093286,90.57229342183457,4.047395033487028,-14.134789216473033,74
2025-05-21 08:43:08.565,16,Tobillo_Der,53.77828361687309,80.7331249601437,215.3487217682302,66.79358512010698,-10.226993736905515,-27.556992369516966,106.24676101628619,-13.740021276164132,-40.827119754379765,100
2025-05-21 08:43:08.715,7,Codo_Izq,59.40086450870792,-10.83725553066419,188.37162308359854,24.693217964371232,-0.21156281881974734,-18.680267271981773,49.75193224651968,1.2068379905970734,-48.096070662028,100
2025-05-21 08:43:08.717,8,Codo_Der,46.10931938039856,-2.7889803775909803,220.2417954303714,48.75652609624914,-3.9727417274685477,-27.05599145791909,91.03841186575863,-0.7143466305913453,-38.18386900194808,100
2025-05-21 08:43:08.718,13,Rodilla_Izq,68.49274008433895,48.91866710810046,197.6928338606312,28.51764508083943,2.240692665367151,-9.889477716557904,62.63912692557013,3.4114474700850916,-29.2302649184303,0
2025-05-21 08:43:08.719,14,Rodilla_Der,60.84166810111826,52.34784029722314,209.92692193366076,55.59227546331384,1.9060927868405413,-19.660579494132644,100.09780777925164,3.579625771624266,-32.625230009105216,100
2025-05-21 08:43:08.720,16,Tobillo_Der,65.36383078200977,78.98938170762665,210.60475659507762,58.244192844830145,-8.644632695514726,-23.704616037651437,106.24676101628619,-13.740021276164132,-40.827119754379765,100
2025-05-21 08:43:08.868,7,Codo_Izq,66.35927359370095,-11.641980254848182,190.9999939113912,26.41981691985211,-1.1703120556103854,-9.373339995022548,54.92197427526966,-0.3533435608204927,-36.108797115355316,100
2025-05-21 08:43:08.869,8,Codo_Der,57.28467977729717,-5.011901370193494,213.77284193072296,47.76602030547226,-5.210736763864866,-25.78965936589651,96.32694954490395,-3.903724174847569,-41.93472754980424,100
2025-05-21 08:43:08.869,13,Rodilla_Izq,70.94718140622368,48.027664310144175,197.2494034969083,22.806801384179668,0.06975172604692448,-7.986774209326469,57.41743998777954,0.8860424939566665,-26.436886569128824,0
2025-05-21 08:43:08.871,14,Rodilla_Der,69.03361385749956,50.37722185421978,202.60599380660827,47.469494550253984,-1.6548797785085363,-23.01409687639868,97.1871145059145,-0.9899532842208485,-40.43568172198263,100
2025-05-21 08:43:09.028,7,Codo_Izq,73.59836143770403,-14.601611693779926,193.10485655217911,28.037083011146024,-4.918555167245833,-4.640196194195572,59.54992111069395,-5.864490107663019,-28.02649946987468,100
2025-05-21 08:43:09.029,8,Codo_Der,62.27626962145026,-5.038911402016338,210.09846459176228,38.540344445973744,-2.831039075793095,-21.307706247236815,88.65163109349838,-2.2035448285324892,-39.995537182123876,100
2025-05-21 08:43:09.030,13,Rodilla_Izq,74.92800724030204,49.701792503631786,197.17988297150336,21.8072316746921,2.5700331974229798,-6.28308731093653,56.643417322169796,4.174167327209682,-23.368659288675328,0
2025-05-21 08:43:09.031,14,Rodilla_Der,73.94840317291076,54.26399163529499,208.04764159613313,38.36954146291507,4.8366549932715905,-6.50615044497682,89.43129486574891,7.298246344405059,-21.26854353766396,80
2025-05-21 08:43:09.179,7,Codo_Izq,77.95610635779596,-17.414033536194328,195.19076481826554,25.104588103707982,-7.002252661452651,-1.6520244106030808,58.433396957550485,-9.862592768493641,-21.821907756369793,100
2025-05-21 08:43:09.180,13,Rodilla_Izq,73.30680342851912,49.64868246426371,196.88288185102016,13.090625601057676,1.5225755139799104,-5.520735092130445,45.53387584435588,3.1973911710303264,-21.532887305385877,0
2025-05-21 08:43:09.180,14,Rodilla_Der,71.18559726438188,52.83012209269003,205.11941760945652,22.253543095953937,0.8577882176961339,-9.302694526097662,70.29658556340672,2.809040166843358,-24.667578868456363,0
2025-05-21 08:43:09.343,7,Codo_Izq,77.72294492494149,-13.385297865343066,195.97672474725232,16.743114344478983,1.758737376639524,-1.6808246076594577,48.1731453411461,0.738335632617682,-19.125233383343915,99
2025-05-21 08:43:09.344,13,Rodilla_Izq,69.3422009044489,49.74480939266732,196.91855536835692,4.523923344438815,1.1443100778324462,-4.530749760986005,32.107578122849375,2.8045404016208066,-19.074299056103847,0
2025-05-21 08:43:09.345,14,Rodilla_Der,67.3588917256601,55.148882618438954,213.9396176768852,11.288971806066394,4.063774267438462,6.325576125894446,53.47819796089965,7.081098711984667,-3.3506290129882146,0
2025-05-21 08:43:09.493,7,Codo_Izq,68.13182661278191,2.3713348898612647,191.4282387089817,-1.7684126241274316,24.020505576240538,-9.171813741359989,22.908457300423322,31.669011399034353,-27.27642606281077,87
2025-05-21 08:43:09.494,13,Rodilla_Izq,63.20272875423722,52.088289637323896,196.0489519085667,-3.9910755640516347,4.234743132578723,-5.138593135936335,17.76404016943654,7.079448322459941,-19.02315651262309,0
2025-05-21 08:43:09.495,14,Rodilla_Der,60.74759618900178,57.46693453984558,218.90222330588745,0.45531303980587157,5.976911537067131,10.017154395078373,35.68216578172577,10.333368659901105,4.7408107058391735,0
2025-05-21 08:43:09.496,16,Tobillo_Der,70.20504700519939,77.37238857646594,203.17603964204125,44.466377484400155,-7.735835736574099,-25.877733660080285,96.11724616895955,-14.066227205414805,-47.598240095141634,100
2025-05-21 08:43:09.647,7,Codo_Izq,48.40180018631387,8.826551294711741,191.1587989795016,-27.787551293626855,23.737548180899864,-7.204354313158756,-16.676195002804562,36.46975621565865,-24.34527409124824,79
2025-05-21 08:43:09.648,13,Rodilla_Izq,56.67916062761538,54.90406981991003,196.36638542700993,-9.884119036372622,6.787025677469988,-3.684828233380201,5.484271523557512,11.25672597417178,-16.352615855423295,0
2025-05-21 08:43:09.648,14,Rodilla_Der,53.608733383531444,56.70072214592598,210.66294946933687,-7.06515933559435,2.638851516225404,-6.939446383520834,20.373663671710453,6.709668638370809,-14.989964165336136,0
2025-05-21 08:43:09.649,15,Tobillo_Izq,77.86147048939928,79.89018129054404,197.98235255611536,31.41719252035737,-1.4746666987511081,-19.160824291796622,70.20016424132373,-4.005195328996408,-43.77158635962962,100
2025-05-21 08:43:09.650,16,Tobillo_Der,73.06037352310913,75.88974417759903,198.97717553232988,33.94906918432887,-7.116523211834818,-22.736248584205928,85.89984275065777,-14.323652636974593,-46.924461876590215,100
2025-05-21 08:43:09.802,7,Codo_Izq,21.23639020776919,-13.029101755655574,193.23851668548866,-54.59847551473826,-17.69304356600619,-2.547344709218786,-62.18055727704243,-15.810281103200616,-17.309808106080368,100
2025-05-21 08:43:09.803,8,Codo_Der,52.68580962820035,-21.354810418281538,207.77929775278116,12.201613941960588,-25.458418916808824,-17.09711053846117,55.42155462690918,-33.781308575588824,-37.02834093861812,100
2025-05-21 08:43:09.804,13,Rodilla_Izq,49.594038534438106,47.258748203401666,196.83985833668618,-14.583120426241186,-7.039520501424435,-2.5280372304265386,-5.797607268762235,-6.519198805440816,-13.845687037697791,0
2025-05-21 08:43:09.805,14,Rodilla_Der,48.187347639762,47.7993672441486,203.72987265150388,-9.448454043294062,-11.255384287214543,-14.842132207276274,11.189521689852226,-12.18024227756577,-26.388899391916617,0
2025-05-21 08:43:09.806,15,Tobillo_Izq,73.83098312511326,76.7856655650069,197.51760006620273,15.394195458461043,-5.588748096648135,-13.736920796936612,50.94468582784914,-9.56782940910636,-37.75858323818985,100
2025-05-21 08:43:09.808,16,Tobillo_Der,71.70260203681217,74.26139467926407,197.71979128594631,21.80753068689425,-7.052444357284865,-16.828110764741265,70.4567674640896,-15.015407733409942,-41.18901767986302,100
2025-05-21 08:43:09.964,7,Codo_Izq,-6.531471594475381,-37.20453707761233,192.42424763177073,-71.92646565233797,-45.2204726985218,-4.000322063657975,-98.55981146247906,-58.146241814006466,-17.665471756492167,100
2025-05-21 08:43:09.965,8,Codo_Der,35.2220049088662,-46.09359396545457,209.8908395712714,-14.71991136460933,-51.210248977681516,-8.309483158282868,15.300508148871735,-73.96576912906862,-26.36996290996543,100
2025-05-21 08:43:09.966,13,Rodilla_Izq,27.524268700458318,34.614317450533626,196.85595718042342,-39.745634656267185,-22.463019868048153,-2.4451348129369617,-45.17976893900162,-29.424774120826008,-12.633057845607048,0
2025-05-21 08:43:09.967,14,Rodilla_Der,46.807680965828624,45.823357755486576,200.98956409495736,-5.349285475346084,-9.255371942838822,-13.371948534526874,11.189521689852226,-12.18024227756577,-26.388899391916617,0
2025-05-21 08:43:09.968,15,Tobillo_Izq,49.30224945354833,68.49647359527833,196.78755214066692,-23.88029898061815,-15.59718933452346,-10.992211650636905,-3.7047169313455015,-23.906602190783115,-33.84914399406755,57
2025-05-21 08:43:09.969,16,Tobillo_Der,41.383015562145424,55.47706381990474,194.50828401728577,-27.874868780557307,-32.2889752326232,-16.372561545439623,0.8422800557490007,-49.96387972764451,-41.10418911733108,100
2025-05-21 08:43:10.122,7,Codo_Izq,-28.04429371446492,-41.19576209605809,190.07203311636343,-74.3081051942034,-32.38028868767444,-6.954633720406878,-116.30490935999518,-50.35762797134264,-20.65539760226923,100
2025-05-21 08:43:10.123,8,Codo_Der,-4.80052000453523,-43.215703026470244,197.65723515004902,-64.01617515203111,-26.618679803236464,-24.22462320224606,-59.977462336512254,-50.28727160014152,-47.40721803923584,100
2025-05-21 08:43:10.124,13,Rodilla_Izq,-2.114294330853955,30.954796199960185,193.62010988277382,-66.24023678790067,-18.5944273294339,-7.058058391878264,-90.66892905974191,-28.89128141184186,-18.005675633631103,99
2025-05-21 08:43:10.125,14,Rodilla_Der,11.894786167121694,37.724265250928084,195.14194248384288,-52.67733396324913,-17.334691093635318,-17.27137450386397,-57.12468054167522,-25.122701158418376,-33.17689541803708,0
2025-05-21 08:43:10.126,15,Tobillo_Izq,7.363593235216648,65.98063001238381,192.3512973821244,-72.75041200472013,-13.197369795353454,-14.761560351469964,-78.98883527707657,-23.40442117238616,-38.33501347476322,100
2025-05-21 08:43:10.127,16,Tobillo_Der,1.3953199002079444,58.2688799219573,190.92125416332752,-71.59665545648807,-15.630248743345803,-16.719379311772737,-70.18605464134463,-32.93262470436392,-42.059299637611744,100
2025-05-21 08:43:10.279,7,Codo_Izq,-44.05790451448454,-23.959229541310545,187.69833385150517,-69.08869950046181,5.40629624116091,-8.643736633352928,-122.18828851178571,-4.641456236578165,-22.711918359468434,100
2025-05-21 08:43:10.280,13,Rodilla_Izq,-36.050820821596105,38.959576425053726,190.7159126014135,-89.20610274994283,0.33265505636029785,-9.226899003236865,-135.43998517430367,-6.414949910226767,-21.152592104035094,100
2025-05-21 08:43:10.280,14,Rodilla_Der,-24.21433396708733,42.33320093625174,191.33748633804763,-82.93358333328267,-3.705270833928964,-16.74216395151789,-111.2841911626297,-9.903803634368355,-34.55848351509452,100
2025-05-21 08:43:10.434,7,Codo_Izq,-49.08646524591687,-12.813881183834404,185.44143328698388,-51.12472599297366,18.470720567722122,-9.45878769115,-107.86175580010402,16.037465148782285,-23.989337166924216,100
2025-05-21 08:43:10.435,8,Codo_Der,-15.46895686378414,-47.95762209922128,193.32197759269297,-51.33344999367923,-24.10146312902846,-22.112437930376572,-59.977462336512254,-50.28727160014152,-47.40721803923584,100
2025-05-21 08:43:10.436,13,Rodilla_Izq,-56.9333512758905,45.838026154132635,190.3997036994276,-85.0752369565306,9.657520758848245,-6.746946891790059,-146.1977594864249,7.364032987709704,-18.413634945980984,100
2025-05-21 08:43:10.437,14,Rodilla_Der,-46.12515872138583,47.07646390321359,192.6052831272339,-81.42121375447324,4.302555962111139,-9.194314984284564,-126.62057427040422,0.9497974872951183,-26.00543903468696,100
2025-05-21 08:43:10.438,16,Tobillo_Der,-26.717261485933008,67.1349485841931,191.99888703567586,-81.40844005970064,2.6119403577643325,-10.147732508847733,-102.4015865694727,-9.60106026347945,-33.71285698823896,100
2025-05-21 08:43:10.592,7,Codo_Izq,-50.59844882950135,-13.061349814804611,186.7436999465306,-36.105289596710435,9.760938043610665,-4.732317270576211,-92.03113675036994,9.306871216147506,-17.801494072923823,100
2025-05-21 08:43:10.593,8,Codo_Der,-28.366190789966208,-33.52496309616718,187.07061719360132,-48.46823638443679,5.204164249334178,-23.891282623602738,-67.98788441738748,-12.68963753223489,-51.70544212107231,100
2025-05-21 08:43:10.594,13,Rodilla_Izq,-63.190790762533126,46.507285486436345,190.76809579491115,-62.49281446507812,6.180606865986951,-4.318026264399193,-128.15564513693914,5.464761538979648,-15.086238493345123,100
2025-05-21 08:43:10.595,14,Rodilla_Der,-53.24332531929822,48.563062259915874,197.49450962328314,-60.23646367075573,4.281268174626119,0.46629611002516175,-111.94060690664071,2.5343663688710896,-12.690185624965764,100
2025-05-21 08:43:10.746,7,Codo_Izq,-50.8027377322481,-14.829617956805425,185.83965128305618,-25.73424308176018,2.8741046471383034,-5.178907464255128,-79.15893115638612,2.551834444868377,-17.731442899172226,100
2025-05-21 08:43:10.747,8,Codo_Der,-35.32607726361651,-24.051016361851026,182.47966476820068,-39.33952693243043,15.21220122581916,-22.73656488724448,-65.38505443792621,4.916213632321483,-52.30766970615795,100
2025-05-21 08:43:10.748,13,Rodilla_Izq,-62.483721036031596,46.48465653010355,190.90823897902038,-40.1723896637017,3.391086076164076,-3.2047860162981876,-104.49321893544443,3.3896421299099266,-13.12140186495321,100
2025-05-21 08:43:10.749,14,Rodilla_Der,-53.87132019880849,48.880597738819745,206.40691864569902,-39.59672352847303,2.724941992670046,12.153574457347542,-92.02335481173354,1.792345374367179,5.274880662902383,80
2025-05-21 08:43:10.750,16,Tobillo_Der,-39.81585378573319,69.8175691695098,191.31198297602853,-67.07428338556772,4.307971122523678,-8.86546735594042,-101.11592961949275,-4.8114320722496124,-31.164251427328743,100
2025-05-21 08:43:10.904,7,Codo_Izq,-52.95448497799084,-13.446191646815663,184.51128401737864,-22.507393408280258,3.6112330064148828,-6.010471739597502,-73.34185720740089,4.344638032510303,-18.305572308442503,100
2025-05-21 08:43:10.905,13,Rodilla_Izq,-61.69555719010837,48.73291286037581,191.3828763206366,-27.283861008719136,5.2002283000375185,-2.014018204680769,-87.59927146659696,6.726851060958771,-10.830827740710173,20
2025-05-21 08:43:10.907,14,Rodilla_Der,-51.28826406348945,50.379929859076825,201.78716346653448,-23.227431067069386,3.641497094097816,-0.6113459600250439,-72.03527405281206,3.883024081275374,-7.935845616837643,0
2025-05-21 08:43:11.057,7,Codo_Izq,-56.08005853234283,-12.913119807366119,184.6923645905997,-21.882178604596035,2.8894990140773182,-4.23632948800559,-70.9789621145865,4.202870795526157,-15.671980968005887,100
2025-05-21 08:43:11.058,8,Codo_Der,-42.11662100789524,-21.663970657114323,178.38481241751535,-34.54624837484042,11.17550645420456,-21.522418966678668,-65.38505443792621,4.916213632321483,-52.30766970615795,100
2025-05-21 08:43:11.060,13,Rodilla_Izq,-59.7483321421509,49.4543782504593,192.09154557311206,-17.9826374361273,4.13543867009637,-0.8902681707159034,-73.28701989525192,6.419282547229535,-8.541453049083872,0
2025-05-21 08:43:11.061,14,Rodilla_Der,-49.03711655047061,50.15242992909216,200.7183187733471,-14.208852119387336,1.7451451699241334,-2.574426580563892,-58.72298091647502,2.2208248063740896,-9.701206790420567,0
2025-05-21 08:43:11.062,15,Tobillo_Izq,-4.702570300578665,63.68535429177961,189.64145418970372,-59.392047942765856,-11.746862846770542,-14.442196271861363,-78.98883527707657,-23.40442117238616,-38.33501347476322,100
2025-05-21 08:43:11.063,16,Tobillo_Der,-51.27226410754988,70.42082906979056,189.5890645893167,-57.79054610508398,2.4998456538061036,-9.546302067378736,-101.11592961949275,-4.8114320722496124,-31.164251427328743,100
2025-05-21 08:43:11.216,7,Codo_Izq,-58.76494096702816,-12.699563507374569,185.00159449151437,-20.73091024780124,2.052691155168374,-2.9735414722628257,-67.64043371718371,3.6094244280741794,-13.317530018573754,100
2025-05-21 08:43:11.217,8,Codo_Der,-48.40342614288526,-19.833584614243886,174.32316054699436,-31.426565827217548,8.367535494334483,-20.86100542930207,-65.38505443792621,4.916213632321483,-52.30766970615795,100
2025-05-21 08:43:11.218,13,Rodilla_Izq,-58.70850457505271,49.7853364051009,193.3485031368094,-13.64785994677179,3.0123455286115064,0.6419183132166899,-63.66931498086219,5.610495709491024,-5.528708076795892,0
2025-05-21 08:43:11.219,14,Rodilla_Der,-46.86552613302086,50.235148099335376,199.41881802718703,-8.875279302240173,1.1424258132084255,-4.009230240259598,-48.40047867105514,1.7777525725959844,-11.24380310240056,0
2025-05-21 08:43:11.220,15,Tobillo_Izq,-15.09224916064964,61.53296159761657,186.87544262091836,-50.32582622519192,-10.815844883443836,-14.356780112248584,-78.98883527707657,-23.40442117238616,-38.33501347476322,100
2025-05-21 08:43:11.222,16,Tobillo_Der,-61.68561867558927,70.75622730269252,187.68777038245582,-51.65629723880023,1.216820021627235,-10.13518550570934,-101.11592961949275,-4.8114320722496124,-31.164251427328743,100
2025-05-21 08:43:11.380,7,Codo_Izq,-58.60684144064238,-11.777775705199678,186.32464615625454,-15.728243719818758,2.6379017266831033,-0.6935885569827522,-58.74220660034399,4.679301211148811,-9.35284363189378,100
2025-05-21 08:43:11.381,13,Rodilla_Izq,-57.28115896238076,50.503820367091556,194.0632315801235,-10.234014490281051,2.971296892700092,0.8172421177315429,-54.661706765572085,5.908133297918556,-4.165972716865391,0
2025-05-21 08:43:11.382,14,Rodilla_Der,-45.07035417121603,50.13417551069765,197.60157009642094,-6.0494339033272695,0.5461899641690734,-5.575576268833844,-40.6276751744115,1.1557261584368952,-13.254736861460861,0
2025-05-21 08:43:11.556,7,Codo_Izq,-54.44061422879253,-11.11426672777339,187.71796564006306,-6.843313071699955,2.6062501649642025,0.7742780536945908,-43.294968221463485,4.92421533541416,-6.087250712561832,29
2025-05-21 08:43:11.558,8,Codo_Der,-54.9737399631259,-18.279047398456317,169.82288488451942,-30.08232952621478,6.4650798087220895,-21.0696443388607,-65.38505443792621,4.916213632321483,-52.30766970615795,100
2025-05-21 08:43:11.559,13,Rodilla_Izq,-55.911919828043644,50.53274781288207,194.44801672533205,-8.063165099294908,1.9553840991400921,0.5011026939622176,-46.74323811185786,4.752572542839585,-3.565752368276482,0
2025-05-21 08:43:11.560,14,Rodilla_Der,-45.10593433238682,53.054818335630436,207.70569551051673,-6.834378910130404,4.605363209720747,10.882201718043978,-37.352583397322526,6.670418772821809,8.943580071759717,0
2025-05-21 08:43:11.561,16,Tobillo_Der,-72.38616550718513,70.8960959861956,185.4116435062595,-48.66064752214941,0.2569234838434271,-10.94755165370299,-101.11592961949275,-4.8114320722496124,-31.164251427328743,100
2025-05-21 08:43:11.718,7,Codo_Izq,-51.984031174986846,-10.254130671340265,190.1245660099475,-3.7216323167350542,2.9229428309903085,3.2658916341398143,-35.25496367048843,5.653996902747615,-1.4886047992621911,0
2025-05-21 08:43:11.720,13,Rodilla_Izq,-53.949955848200226,48.76531546405883,194.5815652447603,-5.330506299103673,-1.1946497055349274,0.09069566210299271,-39.1949864999113,0.5736437691469654,-3.372669674676038,0
2025-05-21 08:43:11.721,14,Rodilla_Der,-43.7295645607498,50.93391243544176,202.82151824172817,-4.718732267907476,-0.28877779821925276,-1.1408223614111679,-31.570545735955708,0.9201143643489713,-4.222500827727707,0
2025-05-21 08:43:11.722,15,Tobillo_Izq,-33.98735795477772,68.55825137845132,188.07878660231736,-58.40452106339684,3.0678935841490116,-8.49725207078052,-98.33017896328693,-5.359805275430414,-30.337151649386207,100
2025-05-21 08:43:11.723,16,Tobillo_Der,-61.25017437333791,73.55616512424793,188.0511458548858,-16.00236633161525,3.528132927084453,-4.197854379663534,-61.2482709294083,0.4494536672182079,-21.7161227175972,100
2025-05-21 08:43:11.878,7,Codo_Izq,-51.268755131466854,-10.373945734904064,190.00373093201088,-3.994587424609927,1.7267956726440985,1.2221850683116096,-31.83958614361836,4.375606911659466,-2.6993241038500146,0
2025-05-21 08:43:11.879,13,Rodilla_Izq,-53.5765507977916,49.1318947283592,193.98111969613646,-5.611756425059105,0.021777256374910525,-1.1392753775795814,-35.85034560472151,1.6440769127221244,-4.487896153090932,0
2025-05-21 08:43:11.880,14,Rodilla_Der,-42.46932805684769,50.73872160835614,199.1068416851886,-3.332663366904033,-0.33241089153330744,-6.300270878185261,-26.874916663903438,0.6065243908619519,-11.004467260775458,0
2025-05-21 08:43:12.038,7,Codo_Izq,-51.91937812468827,-10.573083293141703,190.49838521351768,-5.790538416096855,0.928380954863105,1.036051747219201,-31.060585865241343,3.335351789613478,-2.047394358444619,0
2025-05-21 08:43:12.039,8,Codo_Der,-60.63447829630856,-17.17980481352309,165.7744800114425,-28.39276210158449,5.077074457883502,-20.616814244599855,-65.38505443792621,4.916213632321483,-52.30766970615795,100
2025-05-21 08:43:12.040,13,Rodilla_Izq,-52.68539034219392,49.509384675284565,192.69727533866563,-4.687311409644361,0.7112002675697047,-2.813725009168494,-31.44957710629279,2.334009762811492,-6.528305442135092,0
2025-05-21 08:43:12.042,14,Rodilla_Der,-42.70288548444139,50.75843093990013,196.0332418442948,-4.411874365281901,-0.07014629660915099,-8.431543244093106,-25.6125583834404,0.733984542690569,-14.763335144947082,0
2025-05-21 08:43:12.043,15,Tobillo_Izq,-44.61015720296613,68.98108842752902,186.32740767145094,-51.91419917188419,1.5462432053291433,-9.351407632354533,-98.33017896328693,-5.359805275430414,-30.337151649386207,100
2025-05-21 08:43:12.044,16,Tobillo_Der,-64.60130084169108,74.12736370584722,187.0995095591551,-18.072708558454988,2.520114383781503,-5.374691102891041,-61.2482709294083,0.4494536672182079,-21.7161227175972,100
2025-05-21 08:43:12.198,7,Codo_Izq,-52.030915556970086,-10.480962551656043,191.84331644122275,-5.7746423018601885,0.879608145632595,2.2450367247267566,-28.673226735352394,3.1395870103783334,0.3137323352165837,0
2025-05-21 08:43:12.199,8,Codo_Der,-56.11887759132418,-10.952141749271135,178.08898059117791,-12.843017314576953,11.863342862669331,3.3243228491075425,-45.963891617307524,15.392512782266284,-20.387540123273094,100
2025-05-21 08:43:12.201,13,Rodilla_Izq,-51.5390772572121,50.11771169991408,192.06730524932166,-3.469368211994832,1.434062345253588,-2.839934557922746,-26.93473235103759,3.243339358763312,-6.712721309889909,0
2025-05-21 08:43:12.201,14,Rodilla_Der,-43.48080583966087,51.35836816035251,194.00247558415555,-5.588434703016728,0.9072332937004195,-8.268243031281687,-25.102223872428606,1.9130729398624138,-15.717368346769812,0
2025-05-21 08:43:12.357,7,Codo_Izq,-50.97258733153366,-10.414844469883016,192.13932670145775,-3.833261688832632,0.8002584088426499,1.5116400600631181,-24.079329133569626,2.9165813166457233,0.1857107017135477,0
2025-05-21 08:43:12.358,13,Rodilla_Izq,-51.41055574824646,49.91714199349639,192.06894242677822,-3.9433408546353395,0.6819460962096516,-1.9526040635117445,-24.929300207409494,2.321066683835975,-5.655566326318881,0
2025-05-21 08:43:12.359,14,Rodilla_Der,-43.546720431904426,51.02565375598803,193.38762288196222,-5.048692909557139,0.11923015410119672,-6.230055886652972,-22.862076549437774,0.9290336120161242,-13.9509225161053,0
2025-05-21 08:43:12.510,7,Codo_Izq,-48.29966578444544,-9.618251722864505,196.2478328683109,-0.10002288326387107,1.8055222994578173,6.726820610608475,-17.09638955104552,4.178582786785484,7.826732569729987,0
2025-05-21 08:43:12.511,8,Codo_Der,-56.525978828604764,-6.532656532168031,192.451320529894,-10.8656384589133,13.477457106388814,20.63262798859182,-41.84085449603827,20.160980614771987,7.333320851656634,80
2025-05-21 08:43:12.512,13,Rodilla_Izq,-51.762217796029034,49.828242638000276,193.0678201696222,-4.638100002021977,0.40465865590030337,0.015557886699882539,-23.857573705029996,1.886446501111396,-2.9662649096484786,0
2025-05-21 08:43:12.513,14,Rodilla_Der,-42.82049673162081,50.97416400222174,194.582494720428,-3.407896303502697,0.06546063873747343,-2.4858159356809324,-19.379135483121583,0.7700866736523653,-9.393133060866308,0
2025-05-21 08:43:12.682,7,Codo_Izq,-39.6518580266662,-11.319318456406057,204.12305857558366,10.86067158075141,-1.2528931525619742,15.267726266642068,0.444517064060026,0.10047197870066249,20.814291979880913,0
2025-05-21 08:43:12.683,8,Codo_Der,-61.68662960608644,-4.253432766994438,213.882649852032,-16.53049746609153,11.371859865194779,41.175454395816665,-47.09210066733806,19.50053027290455,42.243703020812276,100
2025-05-21 08:43:12.684,13,Rodilla_Izq,-48.53006548771576,50.968484635521385,195.1831290046619,0.2645324978797431,2.029097911044247,2.7947265935816143,-15.237598923073556,3.9375441962577815,1.2754670758449973,0
2025-05-21 08:43:12.685,14,Rodilla_Der,-43.99126514117965,52.603831676276734,195.4204148361927,-5.152552305945231,2.4791121456035468,-0.8254637064775495,-19.965859789405627,3.9310535161303175,-6.631081174306901,0
2025-05-21 08:43:12.686,15,Tobillo_Izq,-54.99047890322144,69.16772898220397,184.27094246982193,-48.175472075999345,0.43723615535322274,-10.19752297648792,-98.33017896328693,-5.359805275430414,-30.337151649386207,100
2025-05-21 08:43:12.687,16,Tobillo_Der,-68.61436943105392,74.56734260784576,185.8542905336085,-20.02305699308272,1.8181786537575555,-6.37614944672008,-61.2482709294083,0.4494536672182079,-21.7161227175972,100
2025-05-21 08:43:12.846,7,Codo_Izq,-33.081682371700836,-14.038287450670076,213.4100907961981,14.582774037486262,-4.510948992034538,22.50114655939193,9.782275562659802,-4.812186774658759,33.50770697981304,0
2025-05-21 08:43:12.848,8,Codo_Der,-67.24613040577378,-2.9768195080103936,225.63610973581862,-20.186263715967286,8.9639926497056,40.080780082026344,-51.39969627178117,17.830470325022816,50.863430935767305,100
2025-05-21 08:43:12.849,13,Rodilla_Izq,-41.336125407026614,50.1466978545028,199.97761954692106,9.097529337865707,0.12132896309387821,8.363361550605793,-0.8650327866259495,1.5765256729972323,9.711890758396775,0
2025-05-21 08:43:12.850,14,Rodilla_Der,-46.902860589677076,54.02242815298484,209.2567850084686,-8.50637171788976,3.5766679505486336,19.04622149432741,-23.473279543207568,5.8029547356280675,20.84232590139662,0
2025-05-21 08:43:12.851,15,Tobillo_Izq,-64.23565536479221,69.16720525173169,182.1853701471491,-45.03473717774309,-0.3105268502075478,-10.628252915298633,-98.33017896328693,-5.359805275430414,-30.337151649386207,100
2025-05-21 08:43:12.852,16,Tobillo_Der,-72.73213135987095,74.8722169147937,184.51315473043027,-21.062142812041838,1.3244302209298964,-6.961528018683194,-61.2482709294083,0.4494536672182079,-21.7161227175972,100
2025-05-21 08:43:13.017,7,Codo_Izq,-27.493712095931706,-17.070477342975238,221.6117563884148,15.632801283011402,-6.8940598315309565,25.33297456364293,15.495295100032006,-9.057470447032566,40.98242273677156,42
2025-05-21 08:43:13.018,8,Codo_Der,-68.89931318252992,-2.3220382756794073,230.56271293865763,-16.60042365193612,6.763839042636552,30.276985490955582,-46.435280796170765,15.614347479598539,45.65020260604434,100
2025-05-21 08:43:13.019,13,Rodilla_Izq,-30.012070472139673,47.947597979981495,207.63041416993158,20.37895309199081,-2.9639003411385705,15.791682729393395,18.10253219330098,-2.7747827320990908,21.50029161902227,0
2025-05-21 08:43:13.020,14,Rodilla_Der,-47.26152834279943,53.624860353620164,217.69677365714793,-6.686131095133201,1.6180183529094119,22.862375644458705,-20.67211715260642,3.6772204444918763,30.288897346547763,0
2025-05-21 08:43:13.021,16,Tobillo_Der,-61.19709525833409,82.14664329136612,202.5823463301347,0.997943852269612,11.113499138136106,20.701031176851075,-30.300716777396996,14.030332313809849,16.053633262241604,4
2025-05-21 08:43:13.180,7,Codo_Izq,-22.534115759318645,-15.880431684763511,226.58818070881165,15.899773566509113,-2.35770634184393,22.858731785061426,19.78831822145326,-4.362387770238259,41.61599623495644,70
2025-05-21 08:43:13.181,8,Codo_Der,-67.17579388691158,-2.424351130764757,232.05365782665345,-9.65346685207613,4.484494905546016,20.586809679399057,-36.72168700490256,12.899718346509273,37.880580610188616,100
2025-05-21 08:43:13.182,13,Rodilla_Izq,-18.464264365434552,45.75684798888482,217.62201926768392,27.849264814562353,-4.800195177294395,23.78996555107857,33.582011826402706,-6.011265784086499,35.32277902949011,0
2025-05-21 08:43:13.183,14,Rodilla_Der,-46.59478700790099,52.22405527498239,221.6355025351587,-4.113281657132472,-0.9152727752616424,19.200280442703143,-16.758791554206663,0.3667748323149387,29.962794532637094,0
2025-05-21 08:43:13.185,16,Tobillo_Der,-54.02235013760945,84.82131892218743,213.2785942483755,7.912827416733731,10.360618928566492,26.559474652452437,-16.02886901063639,15.353621482117441,29.77721726290808,4
