Timestamp,Keypoint_ID,Keypoint_Nombre,X_cm,Y_cm,Z_cm,V_x, V_y, V_z, A_x, A_y,A_z,Probability %
2025-05-21 08:51:09.236,7,Codo_Izq,77.10881270120784,-19.676471827383786,275.32525943861157,0.05218240330604428,-0.14709078124800945,-0.08758234142995674,0.008887217335847594,-0.025051121800272847,-0.014916202661372573,0
2025-05-21 08:51:09.237,8,Codo_Der,36.31943752958578,-16.70327561482891,279.3012465166291,0.10038395515977198,-0.05241686260909751,-0.4337433922624725,0.017096453402205364,-0.008927148244556891,-0.07387110502397828,0
2025-05-21 08:51:09.239,13,Rodilla_Izq,70.88045427938528,40.13180715068146,279.7253917508657,0.04314361644557856,0.05823577320489207,-0.1376299618756037,0.007347815963123587,0.009918170501990994,-0.023439843809785428,0
2025-05-21 08:51:09.241,14,Rodilla_Der,50.59336459343951,40.78314501474705,281.00037130617994,-0.022526992139407787,-0.018158934369165512,-0.12511706241426657,-0.0038365859443399374,-0.003092659327698568,-0.02130876417433229,0
2025-05-21 08:51:09.242,15,Tobillo_Izq,72.69244453855245,76.0737398525731,288.7751326098512,-0.010498773636406207,-0.17166139367966582,-0.04170701327132273,-0.001788052622248647,-0.029235757978762465,-0.007103147189243996,0
2025-05-21 08:51:09.243,16,Tobillo_Der,53.22190472717085,79.83998207790148,290.2242045888344,-0.028228942788114837,0.07801782535145853,0.2836005309255316,-0.004807688680948987,0.013287264020825584,0.04830018157873971,0
2025-05-21 08:51:09.418,7,Codo_Izq,77.61609066231647,-18.676636051014874,273.91938613413635,1.9648054436204423,3.872258426722108,-5.445196946075154,0.8479895350632111,1.7072133338950757,-2.3583023884962047,0
2025-05-21 08:51:09.420,8,Codo_Der,36.00896740747027,-17.015502814755024,276.9072781681841,-1.2023440466506155,-1.209355955880171,-9.272649284353184,-0.5379709879169816,-0.5190227543433622,-3.9749847422611824,0
2025-05-21 08:51:09.421,13,Rodilla_Izq,70.93066886083149,40.160418833465386,279.9219150108348,0.19454409021419752,0.11089445142723928,0.7609668577290567,0.0784950379590772,0.03989977038275098,0.35115227010663025,0
2025-05-21 08:51:09.422,14,Rodilla_Der,51.00593211797772,40.74368238570921,280.7284694357298,1.5978820769861222,-0.1528669962538785,-1.0532704795636854,0.6989832648924608,-0.0639457288797282,-0.4405931311121164,0
2025-05-21 08:51:09.423,15,Tobillo_Izq,73.17029595862118,77.05065418381184,290.673426278115,1.8507489600325007,3.7834483113225197,7.352212183172325,0.807353052564648,1.6720820431397114,3.207258832706805,0
2025-05-21 08:51:09.424,16,Tobillo_Der,53.13584558072669,79.71152433496138,289.7572512491945,-0.33335327203475545,-0.4974233509294284,-1.8081704505714988,-0.14108196846497456,-0.2278184627340406,-0.8281368609668618,0
2025-05-21 08:51:09.591,7,Codo_Izq,79.43977876478476,-18.918383934728517,273.05823071906025,6.481072742435806,-0.2508917255245685,-3.7230704084733,14.32867277221123,-6.824864978935971,-1.3552164725333626,0
2025-05-21 08:51:09.592,8,Codo_Der,36.512720704203105,-16.353322344185823,271.73814970788305,1.5331471646099049,2.0716671424722772,-18.911107397676805,6.034464574799596,7.511350390042134,-36.148527672296005,0
2025-05-21 08:51:09.593,13,Rodilla_Izq,71.73402934058096,40.561453223275166,279.89928867033814,2.756278139116579,1.3775756920772522,0.03628876832118905,7.111996988415867,3.5292308768801064,-1.1000239593211647,0
2025-05-21 08:51:09.594,14,Rodilla_Der,52.07607705974919,40.99569505051597,279.6815172145676,3.8689779785425604,0.8335523196652473,-3.7087584689298496,7.882565387506674,2.4907949426514264,-8.303366812215055,0
2025-05-21 08:51:09.595,15,Tobillo_Izq,72.94700899917372,76.44678405538457,289.7864053265731,-0.48640589555671615,-1.4934222006107287,-1.9322768395429064,-4.255155251000748,-10.028689477280961,-16.903861600520887,0
2025-05-21 08:51:09.596,16,Tobillo_Der,54.191713601465246,79.00065762322745,288.68903941765024,3.5369813518810402,-2.487873512936533,-3.8959279485790135,10.062499544447022,-5.918589435796989,-7.645875141067728,0
2025-05-21 08:51:09.759,7,Codo_Izq,81.16706373382253,-19.883505537646904,268.4719242382869,7.786441125765327,-3.9576565821993213,-16.967892596599874,19.49226212673988,-16.67422547995386,-48.33071194913418,100
2025-05-21 08:51:09.760,8,Codo_Der,42.667724728689166,-18.841622647160598,265.2447682255798,22.730248691060158,-8.273936999537648,-27.58031626726119,75.3163768939825,-27.580578286785027,-69.49816742221844,100
2025-05-21 08:51:09.761,13,Rodilla_Izq,72.20348042464182,39.58380341892844,277.9228985781139,2.4238084573826595,-3.1596900150953653,-7.193552005010816,5.975111564762172,-11.48721826986536,-24.5490790561506,0
2025-05-21 08:51:09.762,14,Rodilla_Der,52.75583023985238,40.113830011979175,275.67703497002617,3.336961157317209,-2.9344966420675767,-15.333417674607798,6.8894100795008475,-10.116400810757451,-47.197342507564905,0
2025-05-21 08:51:09.763,15,Tobillo_Izq,73.29058850292404,76.65929344956247,289.5218852682694,0.9089100979919384,-0.04286157320204595,-2.2621702119610037,1.536063644583412,-2.8034917574503266,-13.323349760541715,0
2025-05-21 08:51:09.764,16,Tobillo_Der,54.16752826344472,78.4376368010257,286.9902960587585,0.914369444855848,-2.65636067611205,-6.996407363202587,0.9751956063787102,-6.637548434217565,-18.786783795056323,0
2025-05-21 08:51:09.921,7,Codo_Izq,79.5603977372121,-20.579472324376415,263.321798197715,-2.6982358452766673,-4.117390931546488,-23.2178736185397,-10.878301127684807,-15.07962886455909,-65.50889463670009,100
2025-05-21 08:51:09.922,8,Codo_Der,53.39526992450338,-24.341121097934625,256.8370181909878,44.53705651875602,-21.51116933864857,-37.2271853689596,134.19906515448656,-64.49585063154979,-98.93132813875405,100
2025-05-21 08:51:09.923,13,Rodilla_Izq,74.66112497803002,38.75485369996176,276.32354542231343,8.961907573396637,-4.065987921410526,-8.190164117802649,25.288271709595957,-13.104056681147869,-25.635837209120773,0
2025-05-21 08:51:09.924,14,Rodilla_Der,54.704126989124205,38.61314819022143,263.6314934249654,7.4853858701733476,-6.161065307847268,-45.73854791703346,19.695846967699662,-18.793343129969617,-134.1311502149155,100
2025-05-21 08:51:09.926,15,Tobillo_Izq,74.64428861557879,76.80956592419712,291.2479372367623,4.744303521254449,0.2954145234482493,4.424430252785224,13.069103442492455,-0.917370313415262,8.719984962665654,0
2025-05-21 08:51:09.927,16,Tobillo_Der,55.40097832468681,76.25622477573927,283.2678834339059,4.30723281735546,-8.13003927678933,-14.795652431024338,11.402132048400405,-22.814407380033632,-41.55943574237849,100
2025-05-21 08:51:10.084,7,Codo_Izq,76.55287386776237,-14.201301831370056,242.66063468002656,-10.12519229549583,16.326268497116786,-69.93311806731985,-28.368918752768906,37.25419267882541,-181.04154254300897,100
2025-05-21 08:51:10.085,8,Codo_Der,57.44053766182722,-24.10419220310344,246.46918812239193,32.058168810488226,-9.135111590254338,-45.96237047748811,98.1074524065778,-31.2804441501456,-120.46638435196064,100
2025-05-21 08:51:10.086,13,Rodilla_Izq,75.93912668715346,38.822324523055315,272.77380109918954,7.660375272687736,-1.7303857357975032,-14.067934463003462,21.5397984070643,-6.5743772834051315,-39.16099054616143,0
2025-05-21 08:51:10.087,14,Rodilla_Der,55.663316539200885,36.47117005833333,244.09182115955156,5.977735694665325,-9.02021532500143,-77.05873416228398,15.920334623371836,-25.201069469272216,-208.47911362102204,100
2025-05-21 08:51:10.088,15,Tobillo_Izq,65.77183967146239,67.61034271706299,249.58803313436013,-23.535454692290344,-26.558629035909107,-118.59110333549683,-57.81472337622019,-67.58208534878256,-298.04797480073734,100
2025-05-21 08:51:10.089,16,Tobillo_Der,58.431633569192144,72.9046544611568,251.73109004668638,10.600629391073205,-13.268296705270265,-97.58377010713025,27.115792013871626,-35.250495037290335,-247.80852674888337,100
2025-05-21 08:51:10.236,7,Codo_Izq,79.2999379416787,-13.758632923958302,251.7652449602229,1.6691495693500336,9.099587209542888,-12.531381147300529,-2.6454142011669965,23.522786380591974,-59.42827134025421,100
2025-05-21 08:51:10.237,8,Codo_Der,53.3221748486214,-17.95868173057244,237.86883807551146,7.04602357581692,10.434551143282794,-45.59508673504078,41.698045586565556,12.766030520589155,-121.86900800575245,100
2025-05-21 08:51:10.238,13,Rodilla_Izq,75.00945728029583,42.34876562023468,268.5232461652772,1.676563857205613,7.959717060476523,-18.263836656278816,8.486517639694842,14.999946107536811,-48.47818700006838,0
2025-05-21 08:51:10.239,14,Rodilla_Der,54.975091775360696,37.41047082000835,228.42165572302176,1.3352256993178568,-2.3585799276441284,-80.13786027481405,5.999122831716258,-10.708654217269729,-217.39867141085205,100
2025-05-21 08:51:10.240,15,Tobillo_Izq,58.440052240903924,64.0675126049331,220.38922896004084,-30.527569600294292,-22.547116226246185,-134.56084937157212,-75.1280590666562,-60.55682880722955,-341.6149766247906,100
2025-05-21 08:51:10.241,16,Tobillo_Der,57.18177984258331,70.79460269631035,222.46777497819141,2.2070652866643323,-12.246952832291335,-124.29478187770145,9.42949909311065,-33.5442733561576,-312.7319951901883,100
2025-05-21 08:51:10.386,7,Codo_Izq,69.76960779752795,-12.126487676707677,239.95509574411665,-21.38962079227083,8.838765536598133,-36.1682248249613,-45.91261415501971,23.503820574177976,-100.47082791522296,100
2025-05-21 08:51:10.387,8,Codo_Der,49.800799463997464,-11.611157288017388,222.30229051181993,-2.221751779904033,19.23211253951398,-61.48651203646779,19.27119477734614,33.31795663375484,-154.35438720320064,100
2025-05-21 08:51:10.388,13,Rodilla_Izq,62.648267025536185,41.29644518934551,228.4597756847528,-26.969673380555086,1.6222979846489565,-101.88839378588683,-47.905610814851755,4.260093356075357,-211.60002746851558,100
2025-05-21 08:51:10.390,14,Rodilla_Der,53.69436242796041,39.448566685857486,212.48473494404558,-1.9737460723516067,2.965337076368551,-82.22575683426575,-0.8768422972559184,0.4480082867838977,-223.65181222663205,100
2025-05-21 08:51:10.391,15,Tobillo_Izq,54.195516126062344,68.93999112142198,209.77437576226174,-26.539028077937243,-1.709857386532765,-99.31854877815297,-69.79282672594077,-20.833226906551467,-281.6578424903468,100
2025-05-21 08:51:10.391,16,Tobillo_Der,55.10797301214613,74.27148132352838,210.74477587776863,-3.20255439765606,0.9163945059160613,-95.89901800971819,-1.7200949563004304,-8.250869700517804,-266.0009141594347,100
2025-05-21 08:51:10.551,7,Codo_Izq,65.02362553833044,-9.299634566654422,230.70505749535775,-21.47892368397219,11.035132316232627,-40.817072239795024,-47.99299954088982,27.194144906777233,-107.20654129149024,100
2025-05-21 08:51:10.552,8,Codo_Der,47.25079437020931,-6.624662409036898,210.43137140940902,-4.305824833461125,20.07664291402122,-60.10242730803776,10.660112555535807,38.10255424396701,-153.02358454381434,100
2025-05-21 08:51:10.553,13,Rodilla_Izq,56.42811536622741,41.46846465857648,207.48180420069713,-26.68585900895409,1.3149427364557105,-98.37475874449714,-51.83851104453664,3.7188879385593707,-216.11398581537907,100
2025-05-21 08:51:10.554,14,Rodilla_Der,53.21466884931975,40.872245642536505,204.12231911264846,-1.7719244163350083,4.016274312703968,-66.60120324954423,-1.3768986740123081,3.716063778677713,-194.59572115320503,100
2025-05-21 08:51:10.555,15,Tobillo_Izq,51.78896348051309,72.44341841414044,207.02312739331927,-20.69081482334514,4.676889939983043,-66.5018421471513,-59.49966721866891,-6.506050265256308,-220.1334548298619,100
2025-05-21 08:51:10.556,16,Tobillo_Der,54.59729545466879,77.07304673669007,208.27649959654678,-2.356538936027438,5.31002093869339,-63.3058264144391,-1.574833426089794,1.4760093367979277,-206.21774476846977,100
2025-05-21 08:51:10.700,7,Codo_Izq,62.766128202734855,-7.813568633597432,222.6765403609898,-17.29689521954077,9.706746114769757,-41.17877221089887,-43.64822801469481,25.84763385854188,-109.52767718160462,100
2025-05-21 08:51:10.701,8,Codo_Der,45.67133526321452,-4.1205772105198335,201.70896130038545,-3.8780762758025324,16.338990335279362,-54.449743642271976,7.519957054379722,35.43283226761274,-147.3956495983855,100
2025-05-21 08:51:10.702,13,Rodilla_Izq,54.95700881041965,41.135886312447845,197.5286034571575,-18.35247315340342,0.24580847863736952,-78.1918966189123,-42.73524208122885,2.029255404910651,-195.18872633570777,100
2025-05-21 08:51:10.703,14,Rodilla_Der,53.176711960482294,41.31742819634291,198.41219151889223,-0.9349322826915278,2.838754918380454,-55.04593307140924,-0.6627655424557659,3.144439297048656,-175.7929099831285,100
2025-05-21 08:51:10.704,15,Tobillo_Izq,51.72208950985435,72.69087911627278,205.24367000276257,-13.836833191059624,1.8966640599106062,-49.80140634646046,-48.62012452153759,-7.621299319080697,-188.86487578253747,100
2025-05-21 08:51:10.705,16,Tobillo_Der,54.3400375435069,78.06805858619492,208.50709810169982,-1.6077525036991314,4.224685312796527,-43.53956430734019,-1.2475432434703166,2.039823987172264,-170.84603887807563,100
2025-05-21 08:51:10.846,7,Codo_Izq,60.52629498215474,-10.109437968458613,214.10094483121898,-15.254446468917887,2.4763682529552415,-42.44426745747635,-41.66311884123907,15.428243706636076,-113.10462877891781,100
2025-05-21 08:51:10.847,8,Codo_Der,44.61522008858917,-5.796942615954532,194.55480254827842,-2.9361366186925304,7.3087080979995305,-49.03782947538617,6.0361006824839345,23.827991514050613,-141.13654360691524,100
2025-05-21 08:51:10.848,13,Rodilla_Izq,62.60514218260038,42.855031297391676,209.13468082565586,1.6013986097370494,3.278213380912333,-30.872324578279983,-14.579737867301603,6.362993270432082,-129.58805969647617,100
2025-05-21 08:51:10.849,14,Rodilla_Der,53.41408642932984,41.350486851013535,195.1070306454255,-0.057095991395570374,1.5831690586168763,-44.96840459252572,0.33208152354404674,2.058397455726732,-158.4717840065817,100
2025-05-21 08:51:10.850,15,Tobillo_Izq,51.991695153156854,68.68753973759155,202.84702729049056,-9.755427162040327,-6.778938357408427,-42.14753754723617,-41.27176074824716,-18.57532689692333,-170.81157531376255,100
2025-05-21 08:51:10.851,16,Tobillo_Der,54.85456699086959,79.50152754904455,208.4226913010843,0.07826087630619494,4.54960760970083,-33.82030264075143,0.7436167985310571,4.108249338374598,-149.65708528767186,100
2025-05-21 08:51:10.992,7,Codo_Izq,59.93190078025418,-11.43135845502742,206.04791413293728,-11.500593325163218,0.24837043672116008,-42.35873421107997,-36.77321044828869,11.057264722478342,-114.72887063582391,100
2025-05-21 08:51:10.993,8,Codo_Der,43.59485046551338,-7.496758674905019,187.3175523548767,-2.5292959322043904,2.549556929651008,-46.398133840428805,4.479110617282522,16.686865088006655,-137.8549652107985,100
2025-05-21 08:51:10.994,13,Rodilla_Izq,68.53803452554426,39.31816313725216,200.14276544504816,9.331355788353223,-3.8153263607355234,-39.988766465668924,-0.7114369881534213,-3.304290320857441,-137.0097920966402,100
2025-05-21 08:51:10.995,14,Rodilla_Der,53.67908891458797,41.10551589020205,193.14829438948112,0.4406066579230719,0.49481790926362945,-37.2493042394653,0.9712131484623628,0.8811762380242474,-143.65323964990105,100
2025-05-21 08:51:10.996,15,Tobillo_Izq,61.294736460391135,69.20294585670149,211.48105624403834,7.447524558811922,-3.8249513812451434,-19.452531018924116,-14.839222940181035,-14.554054913484558,-131.5618300534848,100
2025-05-21 08:51:10.997,16,Tobillo_Der,54.467260839951415,79.66689138896368,209.06079637971447,-0.5427613677888409,2.7092973872166364,-27.086792342367907,-0.21947755124527868,2.8299287406664972,-132.7475946413011,100
2025-05-21 08:51:11.136,7,Codo_Izq,69.02030651192631,-16.599062694647575,207.1686135720278,5.9710356344173565,-7.185200788470058,-27.814127224794284,-12.098376701006199,-0.7361586715960318,-96.06880696545493,100
2025-05-21 08:51:11.137,8,Codo_Der,42.053771334758515,-10.867965439655485,182.05426145156997,-3.2677416200741827,-2.765420804614261,-41.83671152232669,1.7667531325994519,8.012397710425532,-131.5286577752866,100
2025-05-21 08:51:11.138,13,Rodilla_Izq,69.70706183935667,34.460884245146474,183.33317656547027,6.19236575950524,-9.81312269366886,-57.14860721324069,-1.0841670331929287,-12.780368465112748,-158.35508130424586,100
2025-05-21 08:51:11.139,14,Rodilla_Der,53.00774585362179,41.341103690137736,192.1203052621721,-0.7805792044177552,0.6824608575113231,-31.27323228404838,-0.6806452724923219,1.2252174779334801,-130.7246923181888,100
2025-05-21 08:51:11.140,15,Tobillo_Izq,67.33643462572005,63.61025480036105,186.41459533996684,11.879207508064155,-11.93804274153195,-60.18547230261758,-3.479552014969981,-25.398909859408842,-177.90393144432306,100
2025-05-21 08:51:11.142,16,Tobillo_Der,54.45114601649598,80.03612508646748,208.25416934008348,-0.2995058734022994,2.1014522156800273,-25.220380656457927,-0.07674305487119354,2.7179291760996658,-122.82622088757995,100
2025-05-21 08:51:11.285,7,Codo_Izq,73.06197808577684,-16.105558618252243,186.73640263505754,7.997855120273804,-2.666754881134749,-53.05609564410509,-5.1311037318638535,2.607369468147298,-128.31501069042906,100
2025-05-21 08:51:11.286,8,Codo_Der,39.80570681552139,-13.428779098633202,186.96071776982598,-4.857039540136765,-4.5602759270315545,-23.49556541134613,-2.007879087124825,3.266836611731038,-104.73037630713708,100
2025-05-21 08:51:11.288,13,Rodilla_Izq,73.16089112873797,33.46216809040251,166.69212817777841,8.153644246798445,-7.260331800610233,-66.37190987316185,4.304622786744167,-11.483408335957488,-171.77665299146167,100
2025-05-21 08:51:11.289,14,Rodilla_Der,52.25666643229066,42.229747795685924,189.95445249982149,-1.5879677623127035,1.8025395675012867,-29.425068009998625,-2.010317803611818,2.864941562829183,-122.29999270326284,100
2025-05-21 08:51:11.428,7,Codo_Izq,76.19160218225404,-24.486188491476923,162.96578938383288,8.185747448429815,-13.813910503776576,-72.60488776971332,-0.8990807806207712,-14.054536558580764,-159.19168114290852,100
2025-05-21 08:51:11.429,8,Codo_Der,40.511519839670036,-10.476496830600215,190.29183786160175,-1.4397629956089841,2.5663894022365934,-15.123796906106573,0.941662811341395,10.680020500977228,-88.61868756057308,100
2025-05-21 08:51:11.430,13,Rodilla_Izq,75.92587023587625,33.36168036646475,154.17512957857087,8.503935762811862,-4.626877205877726,-65.58655980887465,7.533182747803461,-9.293327127735527,-174.41624827206786,100
2025-05-21 08:51:11.431,14,Rodilla_Der,53.109990469736644,42.854472099194275,186.78285311415644,0.36179775118154,2.0622075151180477,-29.361309461088382,0.2751774575024992,3.5660401373932897,-117.55508335347979,100
2025-05-21 08:51:11.565,7,Codo_Izq,71.9214348195036,-28.068048250050158,140.73421417490994,-2.499914331637839,-13.360284148687288,-82.37095429579688,-12.054804858496961,-17.253668405426843,-181.37967864283289,100
2025-05-21 08:51:11.568,8,Codo_Der,45.858136928325195,-11.968930177583328,191.77920352306816,7.447901851895921,-0.11603285697070741,-12.466235965727556,12.401091195884767,6.649115583999887,-79.4865501672672,100
2025-05-21 08:51:11.569,13,Rodilla_Izq,76.28508211767678,33.75932225316609,145.99901245644352,5.343815746836177,-2.437797064677427,-58.931084390105774,5.703797112240822,-6.968281851888346,-169.21211001990613,100
2025-05-21 08:51:11.569,14,Rodilla_Der,54.4840051382774,42.53252307539722,184.37274496202002,2.2766744687851315,0.8205723874279206,-27.733474511084122,3.0107778938574628,2.241511866138413,-111.86229015332492,100
2025-05-21 08:51:11.570,16,Tobillo_Der,56.50716810724015,78.99173894363271,209.63877411510848,3.0455693514394544,-0.38131996664467194,-20.129996819885037,4.409027958794803,-0.18919628862973292,-109.9452976774904,100
2025-05-21 08:51:11.725,7,Codo_Izq,65.80973735915788,-26.933015085275052,119.51995960853536,-11.456142797061538,-6.049674314827552,-86.63307298688466,-23.553023833007096,-10.088950783558849,-193.55824013456717,100
2025-05-21 08:51:11.726,8,Codo_Der,47.03900899508669,-10.529033230861332,189.4151369595325,6.356381011904257,2.7239024529125264,-16.62526449287273,12.082401361181507,9.490067054350257,-78.23192112013172,100
2025-05-21 08:51:11.727,13,Rodilla_Izq,76.38304794761191,34.17712751861948,141.31924919529666,3.139785953371553,-1.1383880623552292,-49.81976439312387,4.009611450760875,-5.126593130865265,-155.21127719350994,100
2025-05-21 08:51:11.728,14,Rodilla_Der,55.4039952625334,41.66269295046741,182.99146323078557,2.7120909778238715,-0.7231777360813115,-25.17576355694722,4.088691671609745,0.11753637485878032,-102.7415859821723,100
2025-05-21 08:51:11.729,16,Tobillo_Der,57.4713335604055,78.45898965793934,210.47590595841504,3.2708228583753,-1.0042689791059989,-18.0427130322135,5.296676211425538,-1.167294422746667,-98.69858465331728,100
2025-05-21 08:51:11.867,8,Codo_Der,44.32998475193864,-8.252784007989742,176.93132647043933,0.05291793498964132,5.538396337707756,-33.41228680075017,4.3556611092439255,13.188276631873988,-97.46462624385215,100
2025-05-21 08:51:11.867,13,Rodilla_Izq,74.78771644872461,35.4650202406428,139.2256817715192,-0.5251607158850866,0.9423867622523905,-40.4941942458812,-0.2970678183707447,-2.022106454954805,-141.56130777680008,100
2025-05-21 08:51:11.870,14,Rodilla_Der,55.969752708289136,41.97416186789054,182.57193884769947,2.512000332421512,0.12526752238114722,-21.565711285466158,4.370818115198054,0.9718964153431063,-94.01249178359777,95
2025-05-21 08:51:11.871,16,Tobillo_Der,57.70578983849669,77.37538014077461,211.03167689512375,2.387468367114064,-2.2168569210187266,-16.26784036790183,4.706701451461701,-3.076226325998749,-90.18320236478839,100
2025-05-21 08:51:12.003,7,Codo_Izq,63.70644212833489,-23.115640200527253,118.46047442026219,-10.754134101930802,1.9074408429424479,-60.29925514341688,-24.237938582724045,-0.2859462685966587,-167.68609568647886,100
2025-05-21 08:51:12.004,8,Codo_Der,41.71568553903029,-9.969331171081798,150.0669589607319,-3.549669309620166,1.2371462843460637,-64.86249756451969,-1.191867669860776,7.78974088078779,-142.1281119496041,100
2025-05-21 08:51:12.005,13,Rodilla_Izq,73.0463950136139,35.757981353462064,136.04884155682709,-2.901931531983299,0.7435025726868314,-36.34998116108226,-3.7720902047985625,-1.6393521378264786,-134.00245964616184,100
2025-05-21 08:51:12.006,14,Rodilla_Der,56.72637293444293,41.574481237654474,174.05719657146184,2.737861306002973,-0.4597296415158299,-31.12611031231757,5.152906781013373,0.08473470630611102,-103.84972146124491,100
2025-05-21 08:51:12.007,16,Tobillo_Der,57.22884224664748,65.96373860744502,194.42257558574562,0.8493484394167347,-18.500005459348273,-40.35221493386996,2.961183984707039,-25.9819486024898,-118.22831507898242,100
2025-05-21 08:51:12.152,7,Codo_Izq,61.82614998988273,-20.63136167551856,121.33788081951327,-10.06677888788473,4.618552065753121,-39.04650003502988,-24.240470312102662,4.306492823527569,-138.97333609124186,100
2025-05-21 08:51:12.153,8,Codo_Der,46.19489405362149,-16.8998063472295,139.62508013940325,4.972418016809165,-9.189783794418098,-59.0035232223417,9.354474862713275,-7.331844561877168,-140.35154315436316,100
2025-05-21 08:51:12.154,13,Rodilla_Izq,71.20599285136288,38.89514995123687,133.4693508480495,-4.485384190798951,4.9437894434543255,-32.89945977191434,-6.6363938050318865,4.752115598126015,-124.86097011668336,100
2025-05-21 08:51:12.155,14,Rodilla_Der,50.86771417842525,41.393716627791754,162.63635045494306,-7.091757133040259,-0.4834480978811693,-41.11907331666232,-8.127670715237198,-0.1524370843935187,-115.6181639109368,100
2025-05-21 08:51:12.156,15,Tobillo_Izq,69.07386542604738,61.54116372110789,175.4259133549046,7.951230003862329,-11.015210767885291,-60.7515741309226,-3.479552014969981,-25.398909859408842,-177.90393144432306,100
2025-05-21 08:51:12.157,16,Tobillo_Der,57.388953949061325,62.90689981627104,187.06679410573884,0.9045000070908963,-15.669613102090638,-40.62186640215964,2.961183984707039,-25.9819486024898,-118.22831507898242,100
2025-05-21 08:51:12.301,7,Codo_Izq,59.26942575584063,-20.22556174549613,119.91987792509622,-10.761587978936538,3.188073037982011,-32.885744610677975,-25.899393844633614,3.6228839535471518,-126.63194082697387,100
2025-05-21 08:51:12.302,8,Codo_Der,40.00541961688268,-17.48923823175395,125.54866162951868,-6.15121175986508,-5.903939721124999,-61.57353457139614,-5.396273038289033,-5.536040020812803,-148.25631707774482,100
2025-05-21 08:51:12.303,13,Rodilla_Izq,69.07012739943454,40.5364850385736,131.76936201692536,-5.936065424474128,5.243901798159864,-29.127823654110774,-9.566587470869486,6.5455738297656465,-115.29063570916988,100
2025-05-21 08:51:12.304,14,Rodilla_Der,41.4298721571798,38.99122447741821,153.7760409198479,-18.320029297780067,-3.866944177840097,-43.03306475500003,-25.530786744973078,-5.038673387174992,-118.72316741941582,100
2025-05-21 08:51:12.446,7,Codo_Izq,62.52382030163256,-19.20814078709031,121.14918368981046,-2.5114037826763025,3.3766356635036328,-24.8528642020925,-15.269490335564347,4.702214198892877,-111.31092720700322,100
2025-05-21 08:51:12.447,8,Codo_Der,33.14497607583137,-14.768192797181696,131.7536971111398,-13.759051168139592,0.7826149882465191,-33.00100469372928,-17.781396420754838,2.0822714543539114,-113.26511135661534,100
2025-05-21 08:51:12.448,13,Rodilla_Izq,65.93957241983274,41.849231883012855,130.97059614132232,-8.393813452574593,5.063120648480267,-25.107349896440823,-14.11011814291069,7.5574306209115125,-105.56557899967434,100
2025-05-21 08:51:12.449,14,Rodilla_Der,32.02945810142321,42.636332120794606,147.89528152860197,-25.169396639868754,3.197965042237289,-39.751624043306855,-39.093999571913955,3.8855000443179897,-115.34283845238474,100
2025-05-21 08:51:12.591,7,Codo_Izq,65.19658044215775,-18.755381503645506,129.46396232964182,1.5048651748821653,2.7113323547004424,-8.994262052524373,-8.581057630119332,4.52253153405873,-83.936486844852,100
2025-05-21 08:51:12.592,8,Codo_Der,26.315692379803906,-12.830185897250322,140.6172014665909,-18.438074099714136,3.474709690873687,-12.242494195285706,-27.522224909704306,5.859556089039953,-82.18246101213502,100
2025-05-21 08:51:12.593,13,Rodilla_Izq,61.6969809386986,39.844657909827866,130.3705911886957,-11.64259776895787,0.06633112024452359,-22.03668859644864,-20.14076559346187,1.6537899196989505,-96.8777610679391,100
2025-05-21 08:51:12.595,14,Rodilla_Der,22.436733419895234,41.515074241506746,144.46448805635413,-29.922236637833667,0.18410886041775287,-34.192532945195964,-50.69192910910627,0.4797230840834108,-107.92511764236937,100
2025-05-21 08:51:12.738,7,Codo_Izq,65.08910245987875,-18.743305796919216,134.64684728338324,-0.1850451671911505,1.7077730353313147,-3.7741599804938017,-9.07490244282199,3.6112876635721176,-68.42444014794005,100
2025-05-21 08:51:12.739,8,Codo_Der,19.98280255502446,-9.966717514135542,147.1351684726637,-20.746284118808557,6.4832089617358175,-3.1623889197933304,-34.48422740040784,10.653549532664634,-62.903617463259195,100
2025-05-21 08:51:12.740,13,Rodilla_Izq,58.8675353476718,39.74381334410617,131.55317135415385,-11.578149668775175,0.02314575184889943,-17.158358917966705,-22.025464779351704,1.384755054509144,-85.42371291624772,16
2025-05-21 08:51:12.741,14,Rodilla_Der,15.438949226503366,41.5466116667931,142.73702947624264,-29.251011254095754,0.17716953075980738,-28.31566120880269,-54.9860260699552,0.47822303539710154,-98.572336000544,100
2025-05-21 08:51:12.886,7,Codo_Izq,63.395748701485736,-18.470670984662807,137.79885176833935,-3.4259291313598705,1.5400924192557701,-3.0176787945245005,-12.348508549583782,3.5707954609837014,-59.10953325676462,100
2025-05-21 08:51:12.887,8,Codo_Der,14.713033311932955,-7.850657596350945,151.20109156375977,-20.837454430747883,7.206994037824245,-0.8696233685833149,-38.2985596364826,12.829129857528319,-51.990607974699515,100
2025-05-21 08:51:12.888,13,Rodilla_Izq,56.433343051363686,39.376240374635415,132.6797657762643,-11.108670359499104,-0.42138802004582904,-13.935902486138296,-23.031428984793184,0.5776934548500958,-75.81388022166466,0
2025-05-21 08:51:12.889,14,Rodilla_Der,10.654004420391495,41.53481693521202,142.24563939991046,-25.954257850209814,0.10849437408896681,-22.842812869831562,-54.68999679058322,0.3878854539243789,-88.59542835957018,100
2025-05-21 08:51:13.018,7,Codo_Izq,57.815081085278266,-19.575701449399272,139.43954555365286,-11.107019296778212,-0.6108654771523603,-3.721417800781731,-22.886994554701843,0.7602631333516432,-53.75226040076817,100
2025-05-21 08:51:13.019,8,Codo_Der,8.756509578366767,-8.293215203969686,154.13177074314038,-22.455849656025233,3.961422977591577,-0.1366246872379796,-44.334816338049194,9.670671641112932,-44.64856668651443,100
2025-05-21 08:51:13.020,13,Rodilla_Izq,49.10081429588643,39.03321330924392,132.44285765494897,-18.44429818206583,-0.6824858478978901,-13.347144443212514,-34.92832617648365,-0.0362885583469158,-71.06911836492255,0
2025-05-21 08:51:13.021,14,Rodilla_Der,7.048806380221412,42.01624315455108,142.71318404900035,-22.774755141338574,0.8107433136326087,-17.76208751055283,-54.07446576663091,1.361396919275131,-79.67268149829482,99
2025-05-21 08:51:13.165,7,Codo_Izq,51.97961076487353,-19.900579658217037,139.55665461264596,-16.121297804283067,-0.718385590334066,-6.240743054207689,-31.25460995352755,0.24601959146917673,-51.13681148246849,100
2025-05-21 08:51:13.166,8,Codo_Der,1.0809840018234618,-9.884125255447977,155.76407126296047,-26.185330386165234,0.3206045336741252,-1.4468977766618019,-52.59437171719058,4.866304598643623,-40.14753964685307,100
2025-05-21 08:51:13.167,13,Rodilla_Izq,35.14382357113159,39.829022844405976,130.27705257863977,-32.96454921986067,0.8752324351615833,-15.794726764124094,-57.90791448635537,1.8563454364373864,-69.90448704513024,58
2025-05-21 08:51:13.168,14,Rodilla_Der,5.07919169786956,43.68942192130401,143.77550186943583,-18.54013378496033,3.038236617404044,-13.761586805843532,-49.96422595167412,4.613411386533308,-70.12988295327486,4
2025-05-21 08:51:13.311,7,Codo_Izq,49.282054344140654,-20.00319590819135,138.09337206386894,-14.490480023130157,-0.47763736652084904,-9.613273113835008,-31.25460995352755,0.24601959146917673,-51.13681148246849,100
2025-05-21 08:51:13.312,8,Codo_Der,-3.160130456945547,-12.141757313156365,159.0208016483294,-23.481770597069644,-2.842655862920772,0.770176095116385,-52.2566347734906,-0.10646008653950734,-31.91952327417829,100
2025-05-21 08:51:13.313,13,Rodilla_Izq,11.650895210319767,36.43775646125739,128.44114258671905,-56.31324043199366,-4.552526324403384,-16.36682298198965,-95.97402289844314,-5.611597276627462,-67.31210136806042,100
2025-05-21 08:51:13.314,14,Rodilla_Der,5.43175114508545,43.90177029685692,145.5063418618121,-12.647259950118386,2.1727322688664854,-10.016909828044843,-42.357202279166906,4.017714983316806,-60.63534028644168,0
2025-05-21 08:51:13.468,7,Codo_Izq,22.627520175650872,-20.23101479630208,131.78014446375147,-49.69479476662792,-0.5411232791852113,-18.64209355533706,-81.39229227730219,-0.07900511670890376,-59.827948339010405,100
2025-05-21 08:51:13.470,8,Codo_Der,-1.7025913338970415,-15.72084558442871,148.53891605078147,-13.45416125215196,-6.712110168333514,-18.356347506558315,-40.0821054699115,-6.650838640722875,-53.266514217002225,100
2025-05-21 08:51:13.471,13,Rodilla_Izq,-11.426382290892457,33.7158883168059,128.65940942203346,-69.57940262988365,-6.717025823576586,-13.414443618353781,-123.1282870458899,-9.653957889622149,-59.688356909151835,100
2025-05-21 08:51:13.472,14,Rodilla_Der,5.081299214406081,42.832292473995935,146.74803203358883,-10.260788287266736,-0.2373342845406042,-8.326257783709107,-37.804102179442445,0.9575539188145781,-53.14390867323246,0
2025-05-21 08:51:13.604,7,Codo_Izq,-12.804879430711662,-25.09178915881169,130.16768352111814,-84.47753510892893,-7.573841774896196,-16.527699761896688,-139.72034992253222,-10.06762944689678,-56.77581046917041,100
2025-05-21 08:51:13.606,8,Codo_Der,5.392937443669375,-16.95084083702558,151.03279437126957,0.7255444006428629,-5.718947399367657,-9.68743782624558,-20.69997800647417,-7.192423572822413,-41.849769430610195,83
2025-05-21 08:51:13.607,13,Rodilla_Izq,-27.00749667466365,33.31629204163548,127.95409501719786,-67.9270307856141,-4.717846711427434,-12.55830728750002,-133.6124197360943,-8.403453849466683,-56.223313485710385,100
2025-05-21 08:51:13.607,14,Rodilla_Der,3.399288713448121,41.93788483448858,146.56975081495992,-10.685103208907101,-1.3833228457110576,-8.709927372993977,-37.68868869166381,-0.8604319118309505,-50.143182998943466,0
2025-05-21 08:51:13.746,7,Codo_Izq,-36.5979199616422,-29.37522110664037,131.3064382999171,-88.69532005243082,-10.98569640090427,-11.096602985604681,-161.58990418964277,-16.59353852710808,-48.27303568393035,100
2025-05-21 08:51:13.747,8,Codo_Der,8.64022625419454,-18.229429887965253,151.34927576254879,3.506736146847534,-5.313454987096225,-7.753389917997721,-13.662615642922598,-8.02364203422365,-37.42149049324769,3
2025-05-21 08:51:13.748,13,Rodilla_Izq,-37.24652020901222,33.70531656565885,127.42280231053739,-59.705076230873935,-2.4150651744599796,-11.63583286589906,-132.0836401341575,-6.006204534298399,-52.41774688332976,100
2025-05-21 08:51:13.749,14,Rodilla_Der,2.441970304894341,41.751417455908296,146.46689583200472,-9.808610442097878,-1.0262501095517995,-8.607036243371615,-35.725362818297796,-0.8222287636605081,-46.71118396602284,0
2025-05-21 08:51:13.882,7,Codo_Izq,-49.73029651564743,-30.183217650195136,132.0879369791456,-76.86393049628512,-8.004831823842878,-8.216261617285562,-160.8490187753983,-14.837452017267884,-42.511538769184604,100
2025-05-21 08:51:13.883,8,Codo_Der,9.11290229986228,-18.384642423334544,153.99199179323827,1.3469278426538833,-3.514948228332281,-2.866161092914578,-13.402095651142977,-6.6761518597846745,-28.89112816859126,0
2025-05-21 08:51:13.884,13,Rodilla_Izq,-42.49984062386343,34.287340267250784,127.61999608486991,-48.197641077579505,-0.8007895335741864,-9.702615974285397,-123.55029674987713,-3.9683541085760767,-47.65668987173365,100
2025-05-21 08:51:13.885,14,Rodilla_Der,2.050241110943459,40.55753655348518,146.60528799314403,-8.339144532615009,-2.381541996020403,-7.83028483774174,-33.05543780079899,-3.0368658106805317,-43.051544951793865,0
2025-05-21 08:51:14.042,7,Codo_Izq,-58.100552034288185,-27.78381447420925,131.3861513300073,-62.73596657120822,-1.4072572296289532,-8.766941715798794,-148.09040030151934,-6.665085190183094,-40.05238044767229,100
2025-05-21 08:51:14.043,8,Codo_Der,9.156352779247946,-19.03541244546951,153.15881888444818,-0.5641668452918461,-3.2111724676738667,-5.255013805854934,-13.402095651142977,-6.6761518597846745,-28.89112816859126,0
2025-05-21 08:51:14.044,13,Rodilla_Izq,-46.80942964803409,35.691783559801124,128.50658148387848,-40.02658976062021,1.3899001742516433,-7.521419809453534,-112.9531917044739,-0.6285226099214958,-41.20574401949302,100
2025-05-21 08:51:14.045,14,Rodilla_Der,0.51042336396252,40.50682252771082,146.24464754310512,-9.21209401077675,-1.447269096668883,-8.124624489773153,-32.578476919772385,-2.254687992862566,-39.98918780193651,0
2025-05-21 08:51:14.173,7,Codo_Izq,-59.92334418081157,-23.914672163838123,136.39479292040315,-45.93405732121752,4.608969996988362,0.006073253830397007,-132.04027948585,1.9861824246544444,-26.38221273536891,100
2025-05-21 08:51:14.174,8,Codo_Der,-8.00480402960212,-19.470762262965966,143.6698281373978,-27.23866079073926,-2.796492566532594,-19.233796507976002,-49.134086447413495,-6.590894789545466,-46.90575819268852,100
2025-05-21 08:51:14.175,13,Rodilla_Izq,-48.94269001613247,37.093997468178415,130.08996489835124,-32.22084782193558,2.766341671315787,-4.627917897969849,-104.42462526547676,1.9528419781649293,-35.06787002147955,100
2025-05-21 08:51:14.176,14,Rodilla_Der,-7.645635537649963,42.61016165428943,150.00199196977277,-19.501891252584766,2.2697515560608306,-1.5545085598291444,-46.63398394558564,2.611164796231291,-29.130861564840302,0
2025-05-21 08:51:14.325,7,Codo_Izq,-57.887071569454235,-25.252772448342327,137.80093597258232,-30.259452736242213,0.31782591790527065,-0.22394729973742236,-109.74333770831078,-2.3650458502795466,-22.77318239614409,100
2025-05-21 08:51:14.327,8,Codo_Der,-20.736989040042047,-24.431283212073673,136.92846150893538,-36.41681419024655,-9.399777227811937,-23.403439646447165,-66.01241803382862,-15.987154307951585,-53.78341830040121,100
2025-05-21 08:51:14.328,13,Rodilla_Izq,-50.50580458707056,38.546841879880326,132.27924757051917,-26.800879772083906,3.6691725928311674,-1.9899480133624847,-94.80125114799117,4.078250609860272,-28.105349223720623,100
2025-05-21 08:51:14.329,14,Rodilla_Der,-18.107315308802413,42.09601856090905,157.34921871077475,-29.129378999419067,0.5210917179738702,7.779978001184059,-61.27460201617722,0.7336382267933736,-12.428905172496371,0
2025-05-21 08:51:14.469,8,Codo_Der,-23.978211655028083,-24.959864527140237,142.62389898299168,-28.104574888652177,-6.700203920374263,-7.289007837639906,-60.418395067184065,-13.918302407154105,-33.58734591197418,100
2025-05-21 08:51:14.470,13,Rodilla_Izq,-49.06690837578533,39.23730514745614,135.98889579534855,-18.835984451952566,3.1623805910923615,2.2496603394728205,-81.64374262760876,4.335406797177691,-19.09737754828332,1
2025-05-21 08:51:14.471,14,Rodilla_Der,-24.064040938378152,40.68570458226024,165.14837229992173,-28.275618731350665,-1.8137293121289881,14.475509701787605,-63.69039122881367,-2.4047774063631167,1.8927289990468044,0
2025-05-21 08:51:14.611,8,Codo_Der,-23.176664667491956,-22.134201511188255,161.13796314913967,-17.519919149754834,-0.15963290523157134,21.571430461307177,-49.01358826045712,-5.666500158641291,8.270290654407653,98
2025-05-21 08:51:14.613,13,Rodilla_Izq,-46.422869903498025,38.01476578677078,140.67145924245514,-12.036866680894066,0.054448424340068066,6.545461314916134,-68.68799125738414,0.7222390815453545,-9.511603238924582,0
2025-05-21 08:51:14.614,14,Rodilla_Der,-26.921411657667555,39.340370095339075,171.55046429036673,-23.401255617336936,-3.1129570736138104,16.841364832829445,-59.86288820544398,-4.640170920376156,10.981953430205897,0
2025-05-21 08:51:14.748,8,Codo_Der,-24.590422839413815,-17.307298452871034,165.12102354186757,-14.776500008511599,6.75992257923823,17.331796653447284,-45.96004060264099,4.690364553793048,10.280181267626698,84
2025-05-21 08:51:14.750,13,Rodilla_Izq,-45.01409629436219,37.66922595098187,143.6709929896552,-9.411721002036343,-0.436855376693904,6.986219864235591,-60.86764545966599,-0.03789101205802403,-4.879602980877142,0
2025-05-21 08:51:14.751,14,Rodilla_Der,-27.583922810446857,41.820776791606505,183.06352000700323,-17.424858853789388,1.8387959396658078,26.612398001391313,-53.305342632057396,1.5931753641324047,30.21633614576713,0
2025-05-21 08:51:14.902,7,Codo_Izq,-63.84469508877848,-25.2318683686136,137.4966938950441,-33.00597211374392,-0.03234500006541628,-2.610471947842377,-109.74333770831078,-2.3650458502795466,-22.77318239614409,100
2025-05-21 08:51:14.903,8,Codo_Der,-23.78385976916051,-10.78031140890403,174.73524565093274,-9.809676655067685,13.455158944359905,23.566746449121016,-38.3071378653851,16.154447557096994,24.68636399395114,92
2025-05-21 08:51:14.904,13,Rodilla_Izq,-44.350174910968896,37.545680664720834,145.79573553325932,-8.858684997245499,-0.3943983507992036,6.0399859178948745,-54.88615521232248,-0.1557941399032,-2.5423995268833193,0
2025-05-21 08:51:14.905,14,Rodilla_Der,-28.114187168706106,44.75368088409744,191.89091911413794,-13.72929358286831,5.439934576027843,28.501724662179637,-47.43017611698157,7.146927726851909,39.44771795325008,0
2025-05-21 08:51:15.046,8,Codo_Der,-24.42691656782377,-7.873466482789286,174.1421439794519,-8.9703581598533,12.249579124866603,12.572911256160973,-35.83818873187761,17.821136298046017,15.740892499714302,16
2025-05-21 08:51:15.047,13,Rodilla_Izq,-43.70065607416202,37.67509846255917,147.05960524839887,-7.978612516595357,-0.00819567654346216,4.600304318425989,-49.62623187877489,0.23933382318873114,-1.6654094833003699,0
2025-05-21 08:51:15.048,14,Rodilla_Der,-27.76028941967403,47.05162758405979,197.26321865569926,-10.135122963265877,6.698523591573188,25.210248085974907,-41.47580790212226,10.166232636418167,41.2136500946073,0
2025-05-21 08:51:15.185,8,Codo_Der,-25.435558451948797,-6.566318637334844,174.60699638430256,-8.882385554166419,9.456912302064696,8.173117004450638,-34.623040479387136,16.642043171761863,12.737286422641931,3
2025-05-21 08:51:15.187,13,Rodilla_Izq,-43.17901254371173,38.1234334524961,149.91411091345006,-7.223534541977826,0.6922288397719281,6.428715280721423,-45.20197440161423,1.1802311709949072,3.0337181333664507,0
2025-05-21 08:51:15.188,14,Rodilla_Der,-27.489693172836542,48.26002448180787,201.47296183228863,-7.988976806347428,5.950926949994088,22.12993826741788,-37.11580893981032,10.551545940587177,41.89277015112154,0
2025-05-21 08:51:15.321,7,Codo_Izq,-50.78877628989359,-19.63397696840966,149.24214870062292,-5.656407453105258,8.205247521059661,14.510053097282924,-70.98167305720091,9.392992258544222,2.960550827826477,100
2025-05-21 08:51:15.322,8,Codo_Der,-22.90860340094227,-9.081698742925575,178.10312890853973,-3.370047252595484,2.2154401382638733,10.369702979349146,-26.046917043945264,8.275513034761332,17.546298062312047,0
2025-05-21 08:51:15.324,13,Rodilla_Izq,-41.97609097368877,38.26344749683674,152.39804583030013,-5.411838461895701,0.650054228144324,7.187828257001987,-39.700214952075534,1.2549921384804152,6.388973414770155,0
2025-05-21 08:51:15.325,14,Rodilla_Der,-26.871400422403447,49.17154898048203,204.84286131168304,-6.021052590119353,5.178691646248874,19.44315360135367,-32.78976988384262,10.56767065598084,41.859081912154465,0
2025-05-21 08:51:15.463,7,Codo_Izq,-33.435861414411086,-18.37662881994888,162.86408473898652,17.4439786995492,6.670794622751744,27.83968414861571,-31.29209761185229,9.38062094759175,27.19468643558068,11
2025-05-21 08:51:15.464,8,Codo_Der,-28.319198780634103,-10.724601760137027,182.66805470688882,-12.049463498432532,-0.729098337553956,13.432633998482862,-35.982419334968824,3.927984830621857,23.743482708556314,19
2025-05-21 08:51:15.465,13,Rodilla_Izq,-37.46650205801076,37.421038065028874,157.917689160769,0.8940783188971552,-0.8605882146831272,12.405389306182897,-27.603182976369574,-0.7625040124521663,15.823651288623928,0
2025-05-21 08:51:15.466,14,Rodilla_Der,-26.438044996152883,44.83769044931194,185.5362826011124,-5.0152458156618955,-3.193931325640071,-16.421961856682543,-29.335128982403457,-0.45616528295860803,-6.03840500713973,0
2025-05-21 08:51:15.601,7,Codo_Izq,-20.299870668780123,-17.941237004472946,176.07192807512067,25.875884093127166,4.706009073141722,35.897649933556416,-7.984150050557986,8.16563630475227,46.443402168471565,88
2025-05-21 08:51:15.602,8,Codo_Der,-36.57571314885455,-11.59339467764661,190.9306966401834,-21.42754335924642,-1.3572914359933839,21.10935805430707,-49.324718048888855,2.2084069198677887,36.94020067206813,100
2025-05-21 08:51:15.603,13,Rodilla_Izq,-31.365848820096875,34.75114376010415,165.78195674449117,7.459244394160271,-4.549001216271139,19.349278472780888,-14.282828395020571,-6.192588254045376,28.633728740701585,0
2025-05-21 08:51:15.604,14,Rodilla_Der,-28.37984472386532,43.39365331898919,187.42206244682373,-7.8220256286087215,-3.800500219522605,-5.6690963613863685,-31.40581928830791,-2.588249192653359,2.9484662047243333,0
2025-05-21 08:51:15.605,15,Tobillo_Izq,24.319986935463874,62.69270144172315,165.44640919580425,-64.56766005161343,-5.725773961453668,-59.56182314781969,-98.8465511659095,-19.333702849267816,-177.69348721547388,100
2025-05-21 08:51:15.606,16,Tobillo_Der,25.152659012040132,69.75477339747877,192.43513232774444,-47.941677796618045,0.48745186487035636,-21.602718252340832,-64.9192405634208,-6.578674184844861,-92.86568963769196,100
2025-05-21 08:51:15.747,7,Codo_Izq,-9.716358435718098,-17.786370821225322,187.9896871041489,27.75584414401509,3.1901242030321453,39.256281532654185,6.628462501882446,6.855538995901209,59.560223553597936,100
2025-05-21 08:51:15.748,8,Codo_Der,-43.22311443160714,-13.643836666644301,197.33680668935062,-24.599252394648897,-3.580955027168507,23.016117417834927,-55.723407699369,-1.7950480101313677,43.20397220312194,100
2025-05-21 08:51:15.749,13,Rodilla_Izq,-22.732912392962895,33.72753554061898,174.47520655601414,15.482612756359565,-4.264685559670426,24.943658069472,2.1430215584473427,-6.820909590627648,40.51452415090559,0
2025-05-21 08:51:15.750,14,Rodilla_Der,-27.15565760313587,41.34343679947055,194.05002209912084,-4.572286313411105,-5.160394401627266,7.634804318662719,-25.64667312789754,-5.722094829916401,18.79004220215574,0
2025-05-21 08:51:15.751,15,Tobillo_Izq,1.2562837109048424,62.70442682980599,165.81921442662969,-74.33675045756299,-4.390378537178573,-43.27682905051625,-124.94396828319941,-17.153879817414275,-155.0143630548586,100
2025-05-21 08:51:15.899,7,Codo_Izq,-2.9303607288706526,-17.486648776616605,196.16754595546954,23.920212929282197,2.5634116426718494,36.13517169430345,11.910187095068348,6.302301570865892,62.82107437811605,100
2025-05-21 08:51:15.900,8,Codo_Der,-46.04444012548301,-15.515966989646762,200.16848800290202,-20.78637242933822,-4.681626849704772,18.94760889134785,-52.4480575362127,-4.5690679437124615,40.763474751502606,100
2025-05-21 08:51:15.901,13,Rodilla_Izq,-15.031001878949056,34.72786220451704,181.31265237566285,19.1484046996058,-1.0936626065423363,25.689006464044162,13.441772751362379,-3.1656050789273245,46.009806772795564,0
2025-05-21 08:51:15.902,14,Rodilla_Der,-26.40665151849332,41.59923984884301,200.15025467978592,-3.288422468862084,-2.546288179939849,14.505267010278176,-21.96724887550739,-3.38375070560796,28.809414657826494,0
2025-05-21 08:51:15.903,15,Tobillo_Izq,-8.4643660978188,65.8378667410638,169.01484017438588,-60.81018570034165,1.1169454267123298,-29.38977333967792,-118.79109068927752,-8.895328168278295,-131.17817726465555,100
2025-05-21 08:51:15.904,16,Tobillo_Der,-0.04277805989464767,74.95118951663795,199.9976394020835,-66.40815048471595,7.496265204392136,-6.991419880435843,-101.05033381317956,4.349352703899482,-67.84456175188959,100
2025-05-21 08:51:16.046,7,Codo_Izq,1.5315100485495565,-16.888010079053007,201.74917038812836,19.168235132793306,2.6735330800488732,31.1172627956325,13.565567789354557,6.616751199256842,61.86405609691546,100
2025-05-21 08:51:16.048,8,Codo_Der,-45.269987441374575,-16.08666435340597,199.41854302579765,-13.308406002927937,-3.4904535423968035,11.451125783170877,-43.13810854008686,-4.206288810411847,32.346928090171794,100
2025-05-21 08:51:16.049,13,Rodilla_Izq,-9.938102788252795,36.320200909313314,185.8559123584684,17.98078622058183,1.6049444417822072,23.106165049437667,17.8807810949908,0.596809177383042,46.505621751676415,0
2025-05-21 08:51:16.050,14,Rodilla_Der,-25.37341080500106,42.76040671415599,203.67545687259215,-1.9222997198326466,0.24310977968179628,14.741287627444036,-18.263947724365384,-0.07081845482851845,31.042858875130786,0
2025-05-21 08:51:16.051,15,Tobillo_Izq,-11.491762476228793,68.8504635227234,173.2108886740139,-43.97012647116965,4.273737875614717,-19.201549101153194,-103.75383573410446,-2.810718911071227,-110.5466913112779,100
2025-05-21 08:51:16.052,16,Tobillo_Der,-14.4266218734271,78.80899135477331,204.95365919013614,-62.15023143554714,9.768349193689343,-1.773859345579171,-108.27236586386621,10.01083375960939,-53.72468457501694,100
2025-05-21 08:51:16.201,7,Codo_Izq,3.4871020577321774,-15.579539651554342,202.30189231625124,13.131780025179506,3.811392900067007,20.983036203179743,11.132438925619597,8.314746547501425,51.46887538227861,100
2025-05-21 08:51:16.202,8,Codo_Der,-42.07397233043435,-16.46143605996067,192.98807629844765,-5.323246542744019,-2.575630422320921,-1.375825305265695,-31.103645177608122,-3.757685827775142,14.432656055123076,0
2025-05-21 08:51:16.203,13,Rodilla_Izq,-7.122001541228736,37.31076657098937,186.28302072911853,14.25564585890278,2.2920129996401193,15.651295977206328,17.511564354014155,2.130885481050578,38.78617654895481,0
2025-05-21 08:51:16.204,14,Rodilla_Der,-22.641355502414736,43.110540595506905,203.33824648162428,1.5534726478616938,0.6330222758546559,9.193839716780989,-11.489201646934031,0.582997469237889,24.811825092004895,0
2025-05-21 08:51:16.205,15,Tobillo_Izq,-12.329359486687554,69.81310453708491,173.59759855617693,-31.241247831505483,3.189296792236693,-18.41131275794231,-88.89488247719264,-2.1180342132514642,-100.89589274100165,100
2025-05-21 08:51:16.205,16,Tobillo_Der,-21.45315048437439,81.06999316052051,207.18687629992345,-49.402360842676664,8.869368835013324,-2.3252157837021565,-100.19860755520295,11.326704636099722,-47.161574969602654,100
2025-05-21 08:51:16.344,7,Codo_Izq,4.588744687177193,-12.975079269749097,202.45352145226596,8.971836775314205,6.454591841372692,14.78801722282446,9.279532764434233,12.409429396678703,44.453725815183866,81
2025-05-21 08:51:16.345,8,Codo_Der,-38.58262841957978,-17.649892377746376,184.79527265202637,0.004364487275583251,-3.3494898219409595,-11.713574691343378,-21.5957639743425,-5.381838243253794,-2.500958188429138,0
2025-05-21 08:51:16.346,13,Rodilla_Izq,-5.388514111980204,37.868368502393416,183.12881215315565,11.00418603742163,2.1288418733207988,6.16718765429526,16.49789006087238,2.562415524555069,26.740193525049364,0
2025-05-21 08:51:16.347,14,Rodilla_Der,-20.75736766799889,43.068981931865224,198.65869983423687,2.6007138002333408,0.2945888688633995,-0.43880635176662625,-7.789377631477841,0.29566196276248935,11.814890868259706,0
2025-05-21 08:51:16.348,15,Tobillo_Izq,-12.234304631381955,69.12110515666718,173.09298656882808,-22.588593606373408,0.33572166234323003,-18.269101143923443,-77.56557024890398,-4.4478358148106825,-94.35000255172139,100
2025-05-21 08:51:16.349,16,Tobillo_Der,-24.204860140112736,82.43380940459416,208.32313425529503,-36.608121334439716,7.310348098459509,-3.428796329269099,-89.07954388663677,11.280088541091422,-43.103146060091795,100
2025-05-21 08:51:16.498,7,Codo_Izq,9.829623416176174,-15.30169830073652,207.5387815414361,12.881986328806887,0.6669136250217853,18.5540732703854,17.028591082635856,5.2173125931365725,49.14677037118635,100
2025-05-21 08:51:16.499,8,Codo_Der,-38.839984734176696,-22.66281405701382,183.2119815028797,-2.3345941960786623,-9.558097625056897,-8.083732372542885,-21.595226956221826,-14.570121140410212,-1.9653403603628075,0
2025-05-21 08:51:16.500,13,Rodilla_Izq,-4.1123100812678794,39.0020875521486,181.2675832620875,8.556585638724938,2.92572094954927,2.520297945426406,15.205772493346084,4.1672134067194255,20.238878942172196,0
2025-05-21 08:51:16.501,14,Rodilla_Der,-19.064537062679896,37.97185612297131,177.44943842336178,3.0481575415986937,-7.463722127814026,-30.880169915770594,-4.9196459932763155,-10.376906799236854,-32.32254335365087,0
2025-05-21 08:51:16.502,15,Tobillo_Izq,-9.565478377718037,69.38190575159784,171.9529194101773,-13.605184522880487,0.14543759423945493,-18.794402348020146,-62.899071766231486,-3.905714770704762,-88.5291812698017,100
2025-05-21 08:51:16.503,16,Tobillo_Der,-24.676186610273746,73.43949366887628,196.7995064351975,-25.903420000000395,-9.022409435108822,-22.753826798168934,-76.1113340168683,-9.987876112673375,-64.82287291945377,100
2025-05-21 08:51:16.643,7,Codo_Izq,15.559528397054244,-20.530154855953104,198.26205520567055,16.25885893920125,-7.0453540392456535,-0.6778212538041006,24.672185027104593,-5.9090787986776,23.3658739157792,0
2025-05-21 08:51:16.644,8,Codo_Der,-32.03242807169923,-24.328079689484703,156.14758744333523,7.2042346758657185,-8.363945318454546,-44.55223908949493,-6.336518614926687,-14.850551071870889,-55.552124390337504,100
2025-05-21 08:51:16.645,13,Rodilla_Izq,-2.2275629722505985,36.372290216459575,176.65300157293368,8.261312070749158,-2.1592868255312077,-3.9509988210317157,16.22606732931547,-2.2417655030082866,9.49497605001719,0
2025-05-21 08:51:16.646,14,Rodilla_Der,-10.398196583003031,26.32565236488012,171.3875608360777,14.014931001640377,-21.915714876790236,-26.78190074721646,12.221696195734545,-32.040840515641634,-34.95788424860295,0
2025-05-21 08:51:16.647,16,Tobillo_Der,-18.220165476857776,59.856807052977345,183.76610975928648,-9.39029084128626,-25.536028268296157,-36.04777108945295,-53.379132664589875,-35.193228574094285,-83.61267303396873,100
2025-05-21 08:51:16.796,7,Codo_Izq,17.543366940931094,-21.615584758504113,190.5684353386459,12.84196881785852,-5.474320388743184,-9.729555356919162,23.04415556651348,-5.785634185222118,7.113650406036243,0
2025-05-21 08:51:16.797,8,Codo_Der,-31.005876145213957,-25.77897195314518,148.6939022321777,4.365411615906118,-7.442704716713858,-37.126657147138815,-6.336518614926687,-14.850551071870889,-55.552124390337504,100
2025-05-21 08:51:16.798,13,Rodilla_Izq,-1.610657366490761,30.452960859148487,170.52307327736236,6.2702689014247435,-10.070461088515952,-10.1800874545674,14.500353600107797,-13.748495142590802,-2.1644760736665596,0
2025-05-21 08:51:16.799,14,Rodilla_Der,-8.176615368463995,7.684830716873584,165.87134755397994,11.024800746565266,-41.07693407588016,-24.00655908325657,12.093761985116485,-62.89860984117976,-37.06198510714802,0
2025-05-21 08:51:16.800,15,Tobillo_Izq,-12.575331878860645,70.18518674853208,173.12509765784023,-16.544438892883022,0.9178087547136453,-15.047162166010441,-63.30656379257868,-2.2023766795449466,-78.06975040959667,100
2025-05-21 08:51:16.801,16,Tobillo_Der,-14.393867498259702,37.49821286715007,172.15268838970593,-3.4828071974962103,-48.626145334059245,-41.84754263218803,-41.2148527661422,-72.50647447330536,-94.22210605121825,100
2025-05-21 08:51:16.946,7,Codo_Izq,17.05880036565948,-19.81842729746018,187.8474130994489,7.417787966433425,-0.4305346938272794,-8.05279903145847,17.51622375911287,-0.24559045332452634,4.3619250531808405,0
2025-05-21 08:51:16.948,8,Codo_Der,-24.67455195601104,-36.62049995625391,139.9425128626179,10.96373451549678,-21.03454270337606,-35.61781832713252,5.507881768221656,-34.540552999494295,-60.75478677673386,100
2025-05-21 08:51:16.949,13,Rodilla_Izq,-2.3106969300128424,30.644288783353165,167.9335154360147,3.217298788779059,-5.715095825239617,-8.892622429993732,10.768881540756094,-9.902397303951332,-4.28870728191107,0
2025-05-21 08:51:16.950,14,Rodilla_Der,-5.146739761488373,5.334459404340666,164.12195103160863,10.830477696410332,-28.589176732701898,-17.296066464587764,14.630658362695705,-53.50524921283487,-32.33983985669777,0
2025-05-21 08:51:16.951,15,Tobillo_Izq,-14.58413739154553,70.61294200227559,173.9663667891635,-16.46687263557876,0.8784999939107473,-12.816915833805096,-60.832254877149616,-1.5564474270229471,-69.85955441086506,100
2025-05-21 08:51:16.954,16,Tobillo_Der,-9.582628433714866,32.605908815971794,165.94596491521668,1.8777626687365712,-36.82047737856012,-37.48604581613911,-29.25112417853761,-65.78401725473897,-91.80636889208185,100
2025-05-21 08:51:17.099,7,Codo_Izq,16.439375706862403,-18.995268175648707,185.50604213772078,4.149285449005151,1.0010961986062477,-6.897914464162464,13.490829659396113,1.5864383840964729,1.9791512289796351,0
2025-05-21 08:51:17.101,8,Codo_Der,-30.394695275974833,-32.57646492741374,158.57058532430779,-2.854093680803989,-7.000068943695967,5.495448066895861,-9.821884058943727,-18.789437508719978,-9.8293878127837,0
2025-05-21 08:51:17.102,13,Rodilla_Izq,-3.959842456974526,31.208607687119848,168.72915068124857,0.02711303433535006,-2.7446474978121875,-3.396292669947834,6.110645083162185,-6.708236136258282,0.24453432425694643,0
2025-05-21 08:51:17.103,14,Rodilla_Der,-5.342695628882461,16.974331257459923,165.94272587904206,6.131872017192291,-0.9490727092351583,-8.350760058611845,10.471288503366395,-19.319287552958883,-22.384055015233045,0
2025-05-21 08:51:17.104,15,Tobillo_Izq,-15.171654507534878,68.67925928358922,174.73973404290192,-14.108298120091376,-2.601773014346297,-11.169400710168508,-55.41324034379585,-5.756322605647813,-62.58018988082098,100
2025-05-21 08:51:17.105,16,Tobillo_Der,-10.75868574137498,46.543569618592585,168.73195836198693,-3.489182051272871,-2.512432162165703,-21.775197212589653,-31.553484127898553,-23.998227040180076,-72.0916066635478,100
2025-05-21 08:51:17.250,7,Codo_Izq,16.872777506917636,-20.77903837060599,182.3304364716983,3.8144650743919626,-2.036557034520506,-7.825778430482403,12.778649483367047,-2.4147835094957024,-2.437262061152353,0
2025-05-21 08:51:17.251,8,Codo_Der,-32.772798199153655,-28.6680041833239,173.12436161781622,-5.765796681370759,0.8185932958956368,23.386787215954595,-13.580310753891904,-8.176266962195564,18.513597381350188,0
2025-05-21 08:51:17.252,13,Rodilla_Izq,-3.996722145257579,32.240262978406655,172.1767935869058,0.5006306104252751,-0.36545866784413006,3.535904162325109,5.88377529158895,-3.5882782786016856,8.352889740212554,0
2025-05-21 08:51:17.253,14,Rodilla_Der,-7.384709239667755,17.411919407329165,154.2163673344058,0.8064436093034019,-1.5156142285102032,-23.39849630103956,4.144968586762535,-17.677189668778684,-43.29753845743733,0
2025-05-21 08:51:17.254,15,Tobillo_Izq,-15.41508959341876,68.25020301842758,173.67846766536078,-11.99034185764015,-2.3858074443550317,-12.445121069344008,-50.2582263018975,-5.695329550118182,-59.838097344391144,100
2025-05-21 08:51:17.255,16,Tobillo_Der,-13.840917145405113,51.71882313158386,173.26069962429779,-9.044674638533577,4.373075492426009,-10.013228692154685,-36.04962267324146,-12.05691419404835,-54.386538734618355,100
2025-05-21 08:51:17.401,7,Codo_Izq,17.11568732257556,-21.220477818298285,179.62146037924822,3.3088764425003814,-1.8398873713274124,-7.969884447431891,11.804275554291497,-2.6348646442479104,-5.514374750023437,0
2025-05-21 08:51:17.402,8,Codo_Der,-33.60471236855159,-24.966415587989854,182.0160806966716,-5.184757862804992,5.169054401197853,25.995142327438714,-13.191743760193432,-0.6628822582364746,29.077814565799244,0
2025-05-21 08:51:17.403,13,Rodilla_Izq,-3.548141924257707,34.28529073264214,174.6011946595111,1.426168182493824,2.5485884924663926,6.027588099709335,6.511213107050261,0.7930474030038495,12.031846318140296,0
2025-05-21 08:51:17.404,14,Rodilla_Der,-11.23241914014174,20.89555567048035,154.50301379699377,-4.969297594864081,2.892363838931079,-14.549544141485468,-4.074650761056149,-9.670454087394148,-34.49823278989023,0
2025-05-21 08:51:17.405,15,Tobillo_Izq,-13.956162983494718,68.51271841376206,173.87389602320033,-7.993059746088547,-1.2505793885572085,-10.935303844292475,-42.42432791652094,-4.2930052571459365,-54.224697938201615,100
2025-05-21 08:51:17.549,7,Codo_Izq,17.334494947091006,-21.020389218414692,179.7615557402917,2.9436340990626637,-0.8153673176070058,-4.098417637214711,10.98570408924913,-1.6082997221616118,-2.688871771359134,0
2025-05-21 08:51:17.550,8,Codo_Der,-33.68350216085602,-21.9772209823801,186.82461273707358,-3.756863314167365,6.870693242162941,22.169115829838844,-11.486864336751932,3.9114742106875147,30.404457858408335,0
2025-05-21 08:51:17.551,13,Rodilla_Izq,-3.089573206590051,37.91784716215356,175.04936977390716,1.9348468540921644,6.69693710091748,4.609825241230278,6.87300284290098,7.447156720614456,10.854550773438213,0
2025-05-21 08:51:17.552,14,Rodilla_Der,-14.678518117487846,29.260357707422315,165.99645976154616,-7.8678335441574845,12.989594458275313,7.105639379556824,-9.539734865477467,6.811443763734285,-5.764310831199715,0
2025-05-21 08:51:17.697,7,Codo_Izq,17.181623310615933,-21.454169199235302,184.23825274199825,2.142450952160122,-1.177664799970227,4.471911385952447,9.528399742120943,-2.215146832835508,7.816028111015836,0
2025-05-21 08:51:17.698,8,Codo_Der,-32.86486107551214,-20.252079124487455,190.04293304860985,-1.583926720672276,6.205424343209733,18.07666082082436,-8.403175761473587,5.276894432102264,29.5856928506818,0
2025-05-21 08:51:17.699,13,Rodilla_Izq,-2.820697811998309,39.212953414885526,175.54551531756564,1.9282612352650783,5.790102329766056,3.8967547460327943,6.681801976409539,7.902330484469926,10.226630481030389,0
2025-05-21 08:51:17.700,14,Rodilla_Der,-15.486186817662,36.2289728912041,180.98999184974107,-5.807705655759901,17.20500953533381,25.244883661914873,-8.59012268780997,17.021745915940045,23.005713801570767,0
2025-05-21 08:51:17.834,7,Codo_Izq,15.562694533303562,-20.77443481987301,189.9085149258123,-0.5805587881408081,0.2521096040517153,11.334419221110265,5.38862150510479,-0.43284736556475933,18.125954351503644,0
2025-05-21 08:51:17.835,8,Codo_Der,-31.367632677894292,-17.878250025858478,192.26212583802695,0.7671754812852765,7.055126592923381,14.692012768755987,-4.695201791978585,8.327093350543587,28.483460574155444,0
2025-05-21 08:51:17.835,13,Rodilla_Izq,0.6604837684943554,36.88981278034849,176.61505535351804,6.707905937421802,0.03976324438834737,4.366138358278386,13.206122450335137,1.3048911506228151,11.137050941072951,0
2025-05-21 08:51:17.836,14,Rodilla_Der,-12.256129433938224,39.20208733085794,192.80452259896504,1.251570593910805,14.35986467882127,32.053863389635595,-0.09866703442433256,17.96913226424074,39.8465262593395,0
2025-05-21 08:51:17.837,15,Tobillo_Izq,-6.796269730589845,67.74096646737526,174.51080937692132,3.2342236503534707,-2.121937054722206,-8.91324619116636,-24.637190235961977,-5.444922940585384,-48.79254129030385,100
2025-05-21 08:51:17.838,16,Tobillo_Der,-8.038521280443792,63.79030173958928,190.45773055757135,1.2147378548911163,19.179176301153348,16.221887008911576,-20.859956844194365,11.793829558002354,-15.112827657038203,0
2025-05-21 08:51:17.989,7,Codo_Izq,15.072373704850875,-20.950462045889548,195.2951431151299,-0.5195094726461923,-0.18533048798743704,15.019451651998835,4.423330755051971,-0.8685194855671926,25.209567784496407,0
2025-05-21 08:51:17.991,8,Codo_Der,-30.185853823991586,-16.318457990105482,195.24523841680957,1.7067050878603764,6.391733314881373,13.92082567841148,-2.372019420079026,9.088026520605302,29.240186543696698,0
2025-05-21 08:51:17.992,13,Rodilla_Izq,5.997697406970941,35.17293525933256,179.59250540242743,12.337056638918925,-2.4387698304214265,7.515207841685045,21.797657770511073,-2.304005176489535,15.635335825074673,0
2025-05-21 08:51:17.993,14,Rodilla_Der,-9.346222427906644,42.42871666474587,201.96008802001035,4.94126501556935,13.17969727315371,32.32543894622456,5.541126130593043,19.600136324029098,47.54777514850536,0
2025-05-21 08:51:17.994,15,Tobillo_Izq,6.091632564634292,69.8895619802365,184.0427511996286,18.56322635954433,1.7277328397883374,5.6692864728427494,1.5551200894976382,-0.19353128591663182,-25.044784486891896,0
2025-05-21 08:51:17.995,16,Tobillo_Der,-4.469850634453419,73.11694946979567,201.82324897007794,4.0195998601726215,23.999797403905603,23.230217465397725,-13.35481543261767,24.636678481384614,3.5593423981370336,0
2025-05-21 08:51:18.139,7,Codo_Izq,16.061728638938796,-21.367874733737597,199.51897347727507,1.6251196940183894,-0.7894134049331886,15.679443976384604,6.527737607423816,-1.6537844068376506,28.676835345517393,0
2025-05-21 08:51:18.141,8,Codo_Der,-28.8688429803068,-15.691471206259617,197.91996935430558,2.5711380150730836,4.775928893008501,13.196316919675096,-0.12393503713142762,8.180991795093972,29.751033925627794,0
2025-05-21 08:51:18.142,13,Rodilla_Izq,12.041520482344515,33.68094231811942,185.1071056701015,16.827933261297268,-3.5940277640399496,13.20222373307471,29.94472773473612,-4.576353601622641,24.334092427043117,0
2025-05-21 08:51:18.143,14,Rodilla_Der,-8.148787467022022,42.90483290045227,204.77568854208639,4.627384160950545,8.701874846642953,23.762282455963344,6.3489023389978545,16.02039189925328,42.18845466790698,0
2025-05-21 08:51:18.144,15,Tobillo_Izq,17.746193081396722,72.25668102425172,195.4877193928332,26.36329006187472,4.339056060841891,17.570889888466237,19.7736934072461,4.152459494762702,-2.6359110957644347,0
2025-05-21 08:51:18.145,16,Tobillo_Der,-3.2317662574847907,78.32858196279368,206.58605314110957,2.57738584403572,21.36597221254338,18.465177569089285,-11.737806593491285,27.35507186124369,6.08395908759953,0
2025-05-21 08:51:18.287,7,Codo_Izq,17.21870033549624,-22.274480832035376,201.61877302659184,3.0760473271361346,-1.877343605599648,13.154174940470247,8.276664959579211,-3.249039294897179,27.601430036242316,0
2025-05-21 08:51:18.288,8,Codo_Der,-26.612169200656748,-15.900816312799037,200.0218381703051,4.5954135998108825,2.6899726512698505,12.058970673716106,3.75749090884139,6.112483470183899,29.411213430243514,0
2025-05-21 08:51:18.289,13,Rodilla_Izq,16.876908362256582,34.38135967363374,191.7960229144741,17.903485144330773,-1.0757219959558058,18.44586521907443,34.14146318393217,-1.9339085406614824,33.587651528284624,0
2025-05-21 08:51:18.290,14,Rodilla_Der,-5.905649066310236,43.29166311086186,204.81594830761483,6.124412967386985,6.146108906455877,15.129429549866073,9.4318416756343,13.813271094816951,34.097856171000586,0
2025-05-21 08:51:18.291,15,Tobillo_Izq,23.958721038235975,74.46591980407561,203.54790749744333,23.649493655443308,5.741565572229762,20.23733782349203,24.129775043431785,7.2935897793577515,8.693610336213935,0
2025-05-21 08:51:18.292,16,Tobillo_Der,-1.5210651215610984,80.97911423973525,208.33429642362515,2.77084433322644,16.592617111445467,12.004290703390787,-8.73249293552121,25.72054695919349,3.946010443043916,0
2025-05-21 08:51:18.424,7,Codo_Izq,18.540591984239455,-23.28869563017486,202.43805555226248,4.1794844531558155,-2.7140340099429663,9.994674172623215,9.984831875819072,-4.757326125193526,25.023506103797864,0
2025-05-21 08:51:18.425,8,Codo_Der,-25.03535138508839,-16.352841968746876,201.1514184877202,4.943269095200703,1.1540959231637429,10.065702161202045,5.6508171495646575,4.289973144214669,27.753677994848054,0
2025-05-21 08:51:18.426,13,Rodilla_Izq,19.943213775091,34.58343262583194,195.31124031477736,16.245746390666277,-0.3878284729318846,17.141235531845073,34.750223900622295,-1.1707954568238044,34.98488648941976,0
2025-05-21 08:51:18.427,14,Rodilla_Der,-3.8737202607637906,41.9057861334002,203.676750524466,6.845923752603115,2.0955132923151547,8.569952424972927,11.724586117924133,8.919143508954008,26.76580703606653,0
2025-05-21 08:51:18.428,15,Tobillo_Izq,26.6035692740306,76.6684724623352,208.6758275860778,17.639223964204064,6.735274205485381,18.40300132151946,22.428005378085594,10.085264278468186,13.404443500565915,0
2025-05-21 08:51:18.429,16,Tobillo_Der,-0.63897631694162,81.84977483347704,208.5669090475513,1.976983756322117,11.62084891858061,6.6125875887089425,-7.52130387617594,22.313945619025503,0.9432323449008839,0
2025-05-21 08:51:18.573,7,Codo_Izq,19.542301486311555,-23.775398025290308,202.91051826222724,4.369127164340416,-2.4391492295404666,7.6579926944305114,10.536367681729477,-4.814100735698848,22.303300851016232,0
2025-05-21 08:51:18.575,8,Codo_Der,-23.72770857904149,-16.482818397740616,200.9356764675941,4.810760464520225,0.7299999926929038,6.897161713805022,6.703455700179559,3.5581076630619153,23.511525381378206,0
2025-05-21 08:51:18.576,13,Rodilla_Izq,21.55375793106062,34.902921578046296,197.20516532738955,13.193423815392816,0.1931478269961959,14.06543418631047,32.22518954847424,-0.35569976114036017,32.76599716171814,0
2025-05-21 08:51:18.577,14,Rodilla_Der,-2.6927327538150103,41.382740414791456,202.7823000841708,6.0581614207547085,0.9932785233662079,5.079478457235655,11.77683548017921,6.964954074179611,21.59770740198727,0
2025-05-21 08:51:18.577,15,Tobillo_Izq,27.709053067319374,77.6098002876781,210.4270318728803,12.014201264324534,5.501328907135395,12.553711056285572,18.707655159410564,9.710897941280802,11.001745314206289,0
2025-05-21 08:51:18.578,16,Tobillo_Der,-0.21873446179948103,82.55819368261383,208.45644006639787,0.9093186260750917,8.547880813714123,3.058646283610879,-7.0866731549111766,19.645207322636086,-1.3711637246353394,0
2025-05-21 08:51:18.708,7,Codo_Izq,20.73343449313418,-23.418580104370626,203.51800622062413,4.816707535601839,-1.063383485920962,6.5198736117003335,11.60657986483653,-3.2887895264234603,21.00228348433947,0
2025-05-21 08:51:18.709,8,Codo_Der,-23.21953645911944,-16.71818079118693,200.1842375901146,3.6994352156659986,0.2945948391882706,4.190249560859753,6.289420867040355,2.7920115754533685,19.551754113768578,0
2025-05-21 08:51:18.710,13,Rodilla_Izq,21.871461848766568,35.0982359209357,197.75154522683428,9.63613247523058,0.36192306114180356,10.458332694537583,28.572056032546712,0.006296164398071902,29.336941331561636,0
2025-05-21 08:51:18.711,14,Rodilla_Der,-2.19831094663274,41.690347894921125,202.21354791026977,4.707324693785982,1.5176210389390201,3.4068558411273973,10.887338071469747,7.199253089889516,18.56851358802942,0
2025-05-21 08:51:18.712,15,Tobillo_Izq,28.52659601782293,77.81977996163654,210.42296885369765,8.717026073250832,3.8359118558080043,7.128983564261123,16.691882773453166,8.421965306825836,7.258480675186889,0
2025-05-21 08:51:18.713,16,Tobillo_Der,0.24450238377811775,82.78452052403496,208.54540118281625,0.5812358880281571,6.175643046010393,1.5468793663986191,-6.238213208362231,17.34720844491018,-2.018422225684631,0
2025-05-21 08:51:18.857,7,Codo_Izq,21.748402946540367,-23.423415094297482,203.5436132380526,4.834840255424904,-0.7999865133794968,4.972598914424186,11.945617818392273,-2.884863763070678,18.497334643374902,0
2025-05-21 08:51:18.859,8,Codo_Der,-22.98164088339167,-16.70150591826007,199.42019143137313,2.663561559876965,0.41042935357130095,2.5492341502461797,5.471823994093256,2.6677714235446968,16.15511477511035,0
2025-05-21 08:51:18.860,13,Rodilla_Izq,22.037888601754,35.60222401845927,198.21128486331713,7.326282860957925,0.9335216843123694,8.22593512950913,25.199081355229822,0.9527560755269856,26.30344642322239,0
2025-05-21 08:51:18.861,14,Rodilla_Der,-1.9940138785264074,41.82190407125227,201.38100890363987,3.4944821464848586,1.5507563230077688,1.9885137780077415,9.571386051961266,6.825766973103759,15.29860069846362,0
2025-05-21 08:51:18.862,15,Tobillo_Izq,28.71653855926965,77.82584250484095,209.5792793722833,5.881553378237896,2.5658592884881437,2.737680247627187,13.942951083798288,7.0237122968231445,3.06041112413108,0
2025-05-21 08:51:18.863,16,Tobillo_Der,0.304340244229299,82.58864274822646,208.4501286219907,-0.18392155053900713,4.153803662152777,0.41023663287515383,-6.148025682685409,14.573918096871019,-2.6594349799081964,0
2025-05-21 08:51:19.000,7,Codo_Izq,22.128764361844883,-23.27771145260818,203.7600272113604,3.925887884858989,-0.41148564302654017,4.300019879416937,11.032903991679184,-2.275412018241764,17.05715966407454,0
2025-05-21 08:51:19.002,8,Codo_Der,-22.876204264286883,-16.58556375688264,199.55237378247412,1.9116420352758325,0.5996833819759679,2.801755169609354,4.773905140019273,2.7306296724179333,15.317738181203131,0
2025-05-21 08:51:19.003,13,Rodilla_Izq,21.683373914397027,35.347429107587146,197.73708535634762,5.144576549593105,0.14769002045216506,5.492741442563463,21.705067496647704,0.11525598624110966,22.26306177414681,0
2025-05-21 08:51:19.004,14,Rodilla_Der,-2.1692003000667452,41.11794426568345,201.00373221794462,2.237268553066275,0.2656522520634881,1.6885678104367392,7.944738624701208,4.731141316630657,13.576843318802434,0
2025-05-21 08:51:19.005,15,Tobillo_Izq,28.728936674794166,77.73373601283333,208.83208815423745,4.04632129860947,1.6977389865172117,0.45616905989839795,11.899207633094916,5.9068478629926435,0.5999685147975735,0
2025-05-21 08:51:19.006,16,Tobillo_Der,0.4473517077565776,82.28620886053565,208.28556154809073,-0.39398053655201803,2.788390524224047,-0.2752070702434108,-5.659715884768467,12.374782690897483,-3.0715392575380775,0
2025-05-21 08:51:19.146,7,Codo_Izq,21.60704814123198,-22.670883167261042,202.24825864934635,2.045843331086556,0.5232178235065262,1.2473563368302003,8.492996652022097,-0.8230901108897333,12.187277555552756,0
2025-05-21 08:51:19.147,8,Codo_Der,-23.237897496993316,-16.53638348965302,199.9533090257709,0.7824003522416146,0.5966247366459312,3.265216477103227,3.323968572631749,2.5905640463070525,14.966652919369828,0
2025-05-21 08:51:19.148,13,Rodilla_Izq,21.20817420977379,35.38412532677528,197.68378004794172,3.6166167709443124,0.13630206342053539,4.468774535323864,18.654689607375104,0.14480879012913633,19.98142805926863,0
2025-05-21 08:51:19.149,14,Rodilla_Der,-2.528671848893438,40.73861573328171,201.2385839752536,1.2140515129555154,-0.039495109150238746,2.3299568961982042,6.329867231875303,3.7474455132704922,13.254754217889905,0
2025-05-21 08:51:19.150,15,Tobillo_Izq,28.635735447340032,77.57084750686853,208.588157200985,2.8250933376302734,1.0768437507524589,-0.09736985784502815,10.205192075336424,4.915570141946327,-0.06539486040723419,0
2025-05-21 08:51:19.151,16,Tobillo_Der,0.6768349329141172,81.96911836008441,208.44857648671905,-0.3281049121041777,1.922936567532786,-0.1495225636699637,-4.931768412185585,10.583499232330086,-2.576863144275027,0
2025-05-21 08:51:19.296,7,Codo_Izq,20.503500238884513,-24.258617178384767,202.68523244238355,0.05530817825262604,-2.2178875817115693,2.3257731477294628,5.329893717547611,-4.297981439567399,12.418665312141089,0
2025-05-21 08:51:19.297,8,Codo_Der,-24.09646916398201,-16.568441474905256,200.90215356694455,-0.6299307800951878,0.4628260796549158,4.296866293402131,1.1971677943051806,2.2729753441460536,15.567109872181984,0
2025-05-21 08:51:19.298,13,Rodilla_Izq,20.495995755126064,35.20948938612049,197.39129021578094,2.286173620528523,-0.1859046610250077,3.438785878747689,15.573385180008929,-0.26790405237515585,17.479073366565753,0
2025-05-21 08:51:19.299,14,Rodilla_Der,-2.635270777126416,40.66179956827417,201.3408083745018,0.9730407927819898,0.19691781881026518,2.42758490272867,5.571656514142392,3.5095466040595364,12.416543254658883,0
2025-05-21 08:51:19.300,15,Tobillo_Izq,27.361804560186584,77.62566165998398,208.92917711400358,0.3186479317064268,1.0263708727121383,0.4619969707117306,6.398269103811908,4.572946071406896,0.6818649735508643,0
2025-05-21 08:51:19.301,16,Tobillo_Der,0.29283621363219503,81.64095755201731,207.44265146109552,-1.169756389201808,1.3505846265657777,-1.8141220282822625,-5.515497389501561,9.035603222064639,-4.57686316650677,0
2025-05-21 08:51:19.438,7,Codo_Izq,19.06266822982019,-24.862288453345563,202.27467707648353,-1.6932391555786064,-2.349416308976424,1.5584196941636683,2.1840972825418854,-4.813668531390176,10.607659897632903,0
2025-05-21 08:51:19.440,8,Codo_Der,-25.126207774125824,-16.109090645043285,201.39314581817987,-1.7556152085270815,1.1076742888434774,4.139325929076741,-0.7975100171770408,3.0498024889440893,14.992993213564217,0
2025-05-21 08:51:19.441,13,Rodilla_Izq,19.826824146745164,34.899159237643666,196.9164038729186,1.415206026028501,-0.5800311793728117,2.4288607155716515,13.16622382481846,-0.8569864054795195,15.096685096405254,0
2025-05-21 08:51:19.442,14,Rodilla_Der,-3.5262084399677116,40.79918199349175,201.3820264588651,-0.39866329814535273,0.5976843470972414,2.2876716838472246,3.30001573373325,3.6650294495395865,11.521456000337324,0
2025-05-21 08:51:19.443,15,Tobillo_Izq,27.144110153418016,76.86733717045354,208.86788094941681,0.3654950406590577,-0.2570362704681605,0.18997823291529162,5.713351675355845,2.5843073968129655,0.4020894687287329,0
2025-05-21 08:51:19.444,16,Tobillo_Der,0.03856219550211342,80.97514827879847,206.52855240043368,-1.4157894805312217,0.4152709975544033,-2.643417193242314,-5.584908833331973,7.050789987984842,-5.856435688850141,0
2025-05-21 08:51:19.587,7,Codo_Izq,18.277957961587166,-25.031380967307527,203.33157185526022,-1.795907031918593,-1.7940429206414088,3.2608901874763596,1.0181090492915346,-4.323913159705594,12.0888938788597,0
2025-05-21 08:51:19.588,8,Codo_Der,-25.80875741969233,-16.334446640809283,202.01669215793657,-1.932765165574678,0.4549340776923995,4.220864340176889,-1.661009546519418,2.1620375295861383,14.6608886523806,0
2025-05-21 08:51:19.589,13,Rodilla_Izq,19.571627490657214,34.70771330050927,196.61859146266593,1.4417381949273538,-0.6392352388159218,2.029013981798235,11.885524906873346,-1.0571984170304778,13.366097536134324,0
2025-05-21 08:51:19.590,14,Rodilla_Der,-4.27465638325531,40.96875608172072,201.71598911966143,-1.0274810602592812,0.8604639017329623,2.599842913925195,1.7806378957250533,3.748822165298311,11.24057889957092,0
2025-05-21 08:51:19.591,15,Tobillo_Izq,27.036999159135448,76.03687833551612,208.83937621909823,0.5127591467694869,-1.1461241808133853,0.08271136407404923,5.242682052184162,0.8656795614465482,0.2738779662479092,0
2025-05-21 08:51:19.592,16,Tobillo_Der,-0.6234798161913093,80.28917846217715,206.59669440983856,-2.159099301278528,-0.2177354206437182,-1.668191752585771,-6.400319289026683,5.321642222442804,-4.754193102549642,0
2025-05-21 08:51:19.737,7,Codo_Izq,18.066747527802246,-24.792307364031057,204.4675137713459,-1.0811629866832677,-0.8733718846395174,4.319210853376187,1.1144120400916098,-3.1634248924793287,13.158924232174531,0
2025-05-21 08:51:19.738,8,Codo_Der,-26.128014996334198,-16.247483158502682,203.23553107718493,-1.5441088484151506,0.5369313808347631,5.126043546327759,-1.6848780225570106,2.150929020627638,15.543984847090048,0
2025-05-21 08:51:19.739,13,Rodilla_Izq,19.26820654450147,34.59281677222749,196.36220693916007,1.274149960403992,-0.5693293760603201,1.7540485029336061,10.524039618191697,-1.0726498142453742,11.884748780503559,0
2025-05-21 08:51:19.740,14,Rodilla_Der,-4.553488799502765,41.58336072185349,201.97050795125347,-0.7506158029383034,1.6619826056063554,2.6060813969479417,1.477938280785168,4.675345829482906,10.697052925208617,0
2025-05-21 08:51:19.741,15,Tobillo_Izq,26.850506608894026,75.96165504735914,209.06090940103437,0.4243723805351903,-0.5814882487792966,0.3962627864701675,4.570686326860683,1.0464390177165352,0.7040772174849956,0
2025-05-21 08:51:19.742,16,Tobillo_Der,-0.6869189879225264,80.61652092721022,206.87316088616186,-1.6839628387099885,0.8563258392284071,-0.7952262418602541,-5.708722256308107,5.9485792373072535,-3.544888079328874,0
2025-05-21 08:51:19.885,7,Codo_Izq,19.202238736864366,-24.948063330374676,205.29737393969634,1.2825844520364438,-0.9267387359203977,4.4565903563572515,3.785024680442766,-3.1482017511629667,13.263878626774273,0
2025-05-21 08:51:19.886,8,Codo_Der,-26.449330319234416,-16.484382147632008,205.40238347333337,-1.3678942554742801,0.0885748869106912,7.056017673340886,-1.8419717919335916,1.4443288216247538,18.131044180705807,0
2025-05-21 08:51:19.887,13,Rodilla_Izq,19.118970106439402,34.432201069587414,196.49307887843372,1.300518982385544,-0.6067982250965999,2.0687838676690116,9.58443302286651,-1.2081071156537375,11.350308491291052,0
2025-05-21 08:51:19.888,14,Rodilla_Der,-4.681191630121431,41.681347948866375,202.33831091715902,-0.42266720595611856,1.3490746417711859,2.7291044338509622,1.4089612387424166,4.263692757782243,10.421320347195758,0
2025-05-21 08:51:19.889,15,Tobillo_Izq,27.55286196055907,76.01771425599551,208.86919939457476,1.654017426024574,-0.10346283439545535,-0.03668753972538108,5.799461063113584,1.3179217587091525,0.1674182007945364,0
2025-05-21 08:51:19.890,16,Tobillo_Der,-0.16983868435718863,80.65476943417852,206.977958693498,-0.5265958365631414,0.9842284426699003,-0.5315496298924456,-3.9863468691076305,5.630956019074984,-3.002532505698597,0
2025-05-21 08:51:20.034,7,Codo_Izq,20.816620254605454,-24.878289971181406,207.27505271433736,3.362211227929863,-0.6133680505430342,6.250435527179571,6.649470085791823,-2.6405804676956195,15.671167163392708,0
2025-05-21 08:51:20.035,8,Codo_Der,-25.901999509822453,-16.12080757595581,206.48627549888874,0.00790125246252773,0.7142818317079922,6.5752357795741805,-0.23548350962932552,2.1380283679523138,17.75739137323925,0
2025-05-21 08:51:20.036,13,Rodilla_Izq,19.672050975832068,34.32403613135966,196.4616186437543,2.291988123487167,-0.5568869131763968,1.936783937463159,10.103221584057394,-1.2152513330388903,10.374098211450734,0
2025-05-21 08:51:20.037,14,Rodilla_Der,-4.0661053558800955,41.782965705658015,202.90703715005773,0.8451948245106581,1.1692048264255626,3.0678528763506643,2.7853013500327704,3.9542270646382938,10.50751105538159,0
2025-05-21 08:51:20.037,15,Tobillo_Izq,28.117259464525752,75.7304909636342,208.23149204759858,2.1429891923083795,-0.3632875241377844,-0.9582470038114327,6.32014010833039,0.7227621438072174,-1.1495947562589945,0
2025-05-21 08:51:20.038,16,Tobillo_Der,0.36560575211460616,80.84680963863663,207.91362591837478,0.20057201583175477,1.2519997573810469,0.8847265281402543,-2.6166587296259394,5.591061201862063,-0.8230548957792618,0
2025-05-21 08:51:20.219,7,Codo_Izq,22.332323775154283,-24.12729755337039,208.98052089692086,4.3673553920333354,0.5745201870840262,6.818908849550961,8.225965549159826,-0.7939758315547638,16.23000893396311,0
2025-05-21 08:51:20.221,8,Codo_Der,-24.10177141342177,-15.841372893033368,204.56211277080806,2.6424671061836746,0.9405892532252664,1.804380447056111,3.4216049182214263,2.361251756101115,10.75820536371041,0
2025-05-21 08:51:20.222,13,Rodilla_Izq,21.732081039892055,34.04058930926536,197.1720822164678,5.078203251891545,-0.7832035007781362,2.9585156571086566,13.066169541896485,-1.5381118247828591,10.723663763873903,0
2025-05-21 08:51:20.223,14,Rodilla_Der,-3.249769459223858,40.96818850458376,203.42831918503114,1.8582978154744971,-0.29526713568796054,3.173661883857727,4.025748231985796,1.723066996304853,10.042813105732153,0
2025-05-21 08:51:20.224,15,Tobillo_Izq,31.04400042891358,75.56252821179754,208.85036780771168,5.902189486027037,-0.32758085260122666,0.3880484921745285,11.229589996161664,0.49356278839800327,0.5067826574286722,0
2025-05-21 08:51:20.225,16,Tobillo_Der,0.5370606121329222,81.12730962224718,207.96371036373665,0.065745627547267,1.5315145555829983,0.36449617983495297,-2.252940750182362,5.493353587337896,-1.0257982425105756,0
2025-05-21 08:51:20.356,7,Codo_Izq,25.376692776676485,-24.828626619070285,211.95423724921142,7.3292621157464595,-0.8087479128031798,9.104780633414903,12.999973728011362,-2.348097241784508,20.039360568114382,0
2025-05-21 08:51:20.357,8,Codo_Der,-21.30122952303019,-16.056227544396542,203.3261643069876,5.7162342647307955,0.3472182426602372,-0.03530520796835321,8.268157603959,1.6266044908919737,7.574620868072428,0
2025-05-21 08:51:20.358,13,Rodilla_Izq,23.92477563428513,36.361072843367204,200.1407267051527,6.828448307595845,2.8936184722855023,6.718424566660045,15.840686462482644,3.375219836627418,15.685154730628675,0
2025-05-21 08:51:20.359,14,Rodilla_Der,-1.6661534550588504,41.74360680269745,204.07554243900955,3.585238395853707,1.1331413529863403,3.358157184655039,6.627293568866846,3.3322701266290826,10.286480736808755,0
2025-05-21 08:51:20.360,15,Tobillo_Izq,33.3346180558854,76.75121208373727,210.7902622637614,7.233817309285717,1.6238721551166804,3.0866084780573972,14.009437212424553,2.9662929404392555,4.2946034145297265,0
2025-05-21 08:51:20.361,16,Tobillo_Der,0.6091237928275757,81.02886988840356,207.84170150336828,-0.04549834385933765,1.0697019818278921,-0.08113782055685062,-2.0838119031122755,4.7722108887295915,-1.3521561151626735,0
2025-05-21 08:51:20.497,7,Codo_Izq,29.45810426492048,-23.617270440611723,210.89437817759784,10.734948958924363,1.1980512294624086,4.589763712265151,18.946456875192496,0.39487235760517025,14.876710091680344,0
2025-05-21 08:51:20.498,8,Codo_Der,-17.09795154790819,-16.077764992390676,203.0376178019783,9.725305472061818,0.2752194692670034,0.19015449826061984,15.018940794421102,1.4508049087162762,6.845440699698015,0
2025-05-21 08:51:20.499,13,Rodilla_Izq,26.237450085661617,39.13236576494166,203.73097830005065,8.109015670558374,5.80755143756567,9.932507820914829,18.27479348640703,8.118123077901533,20.75308469672043,0
2025-05-21 08:51:20.500,14,Rodilla_Der,-0.4048574600056418,42.72615805470084,204.42137529762002,4.185650851840611,2.290698769492654,3.0256941781366296,8.034968690989636,4.940268035482208,9.82304145657246,0
2025-05-21 08:51:20.501,15,Tobillo_Izq,34.1993505050036,77.82406646058482,211.48679844713084,6.012276896773158,2.635116241936212,2.909142954655385,13.418582416921232,4.625041405828405,4.742744226390868,0
2025-05-21 08:51:20.502,16,Tobillo_Der,0.13746182330535361,81.00117128907945,207.86885932953518,-0.8949510327728298,0.8850699470616722,-0.11300091746609565,-2.9885249159711416,4.314052923474328,-1.2465261299418149,0
2025-05-21 08:51:20.643,7,Codo_Izq,32.43433811871324,-17.502934414650586,207.23961573784914,11.25311864656903,9.731490694068412,-1.953615887987685,21.438424503867807,12.606527466291025,5.657088795870298,0
2025-05-21 08:51:20.644,8,Codo_Der,-13.088787333722767,-16.088128015380228,202.83124902860422,11.967929922926032,0.24238836567117217,0.3737564991120238,20.02437947508785,1.3153186836394648,6.2144167604307174,0
2025-05-21 08:51:20.645,13,Rodilla_Izq,28.159753503370784,40.95952972585431,206.54094383661777,8.355792839462197,6.22791485686233,10.773431272884755,19.400177435417927,9.959330381314144,23.10404827238546,0
2025-05-21 08:51:20.646,14,Rodilla_Der,1.1309575494791697,42.784305291147994,204.28543524794534,5.003299154805312,1.6181040017630428,2.104094363626092,9.764709623440062,4.2654542614389435,8.422018543174568,0
2025-05-21 08:51:20.647,15,Tobillo_Izq,34.58822160471076,78.72576466629494,212.98936378567348,4.6382635211324015,3.015306948984911,4.053881106342766,12.12362413026695,5.58936305439159,6.858560154929682,0
2025-05-21 08:51:20.648,16,Tobillo_Der,-0.011290195843109642,80.38249106654082,207.20734928545716,-0.9113332775656716,-0.12381726676562667,-1.1485406641195626,-2.9610721095138564,2.68173957169859,-2.546403779206116,0
2025-05-21 08:51:20.794,7,Codo_Izq,35.036507532589646,-17.34686349895183,210.54360440392634,11.124408169576906,5.95973888553026,4.5211108335245385,22.780426241378,9.583795034919243,12.956180289767483,0
2025-05-21 08:51:20.796,8,Codo_Der,-10.43316147510633,-16.76042454504696,202.7961148813562,11.416900013494578,-0.7740421999225978,0.6769352902852608,21.286568341346523,-0.17985897338323098,5.877462106480063,0
2025-05-21 08:51:20.797,13,Rodilla_Izq,29.995068154146836,41.216158729094786,207.70020007372773,8.424891264884868,4.216770301442262,8.887016337547172,20.114036889432608,8.303623889120137,21.577456325612655,0
2025-05-21 08:51:20.798,14,Rodilla_Der,2.8623821225508626,41.75676483986892,204.92027960240128,5.8261407380165515,-0.39209336037218345,2.6943390534416034,11.541965153997014,1.536216288954472,8.874426474497898,0
2025-05-21 08:51:20.799,15,Tobillo_Izq,34.59174278289409,78.8999359620389,214.38680138012484,3.2783304303905,2.1845179629023908,4.618793157415516,10.391529234779625,4.872605249852675,8.312329605820302,0
2025-05-21 08:51:20.800,16,Tobillo_Der,0.24644779537078815,80.28053515563296,207.57565131496517,-0.30902526676419334,0.027362178537558374,-0.21900729126305185,-2.0734256812460714,2.446362530082439,-1.3660663047960124,0
