Timestamp,Keypoint_ID,Keypoint_Nombre,X_cm,Y_cm,Z_cm,V_x, V_y, V_z, A_x, A_y,A_z,Probability %
2025-05-21 08:46:06.002,7,Codo_Izq,15.03931071645543,-17.071186105158386,250.55048244661526,0.06721325373284245,-0.06561483036769662,-0.19252811258656,0.012888442004756508,-0.012581937175774195,-0.03691812664240398,0
2025-05-21 08:46:06.004,8,Codo_Der,-26.15695846181144,-13.872807024860506,253.12546372584399,-0.06111378040703358,0.009779324209914762,-0.178435119231752,-0.011718840715526936,0.0018752291538537812,-0.034215732137760205,0
2025-05-21 08:46:06.005,13,Rodilla_Izq,6.693662069656679,41.41910271692416,250.82532462030935,-0.0032580415446263724,-0.17756300355132446,-0.12208553696815218,-0.0006247440372982001,-0.034048500055627914,-0.023410447723418715,0
2025-05-21 08:46:06.006,14,Rodilla_Der,-14.570657157961652,42.08191745947599,249.79940095456396,0.06328257704548519,-0.035836195466336276,0.24887769485015984,0.012134717170576991,-0.006871750752832667,0.04772341105674547,0
2025-05-21 08:46:06.008,15,Tobillo_Izq,6.854912023197921,77.94153705132501,256.8751300692879,0.0792544954998807,0.06622141159551123,-0.04695873159152093,0.01519740396628542,0.012698251839053805,-0.009004546798759028,0
2025-05-21 08:46:06.010,16,Tobillo_Der,-13.587900091470448,79.85906264101733,254.79970874725183,-0.006510788167107164,0.11780411747449214,0.12209001519927859,-0.0012484727495942172,0.022589466387484543,0.02341130644426544,0
2025-05-21 08:46:06.196,7,Codo_Izq,15.057423175863418,-17.504506633733303,250.84585421037798,0.06690877348257433,-1.6020240729764181,1.0922162257060386,0.021499357709383243,-0.7513241857816442,0.5485903663761201,0
2025-05-21 08:46:06.197,8,Codo_Der,-26.213388710783583,-13.902530693935248,253.66780656278354,-0.20858308467254355,-0.10990310614783055,2.0053097155269253,-0.08976626448029075,-0.05373120320627009,0.9803881581977613,0
2025-05-21 08:46:06.198,13,Rodilla_Izq,6.694304831786974,41.422315594943974,250.84941024314293,0.0023791887260400115,0.012029028538125043,0.08915310906537358,0.0016299965709851085,0.032926652270386464,0.06107933367313351,0
2025-05-21 08:46:06.199,14,Rodilla_Der,-14.563148410574204,42.060944584466895,249.6771464521109,0.027707886683069994,-0.07751091173389492,-0.4522120103475186,0.003471055316751034,-0.03134635253409393,-0.25305655245450115,0
2025-05-21 08:46:06.200,15,Tobillo_Izq,6.876382885274234,77.75755917404025,257.6650375598509,0.07931531972400742,-0.6802620275096825,2.920498424097152,0.02555050275771852,-0.33344952863503086,1.3951939110407183,0
2025-05-21 08:46:06.201,16,Tobillo_Der,-13.131427862153036,79.21708208228875,254.08422512257272,1.6876819743653144,-2.373640571818881,-2.645400916971644,0.8030865342868109,-1.1461502324306736,-1.2759639994262053,0
2025-05-21 08:46:06.379,7,Codo_Izq,15.076147326478353,-17.566823352496066,251.1604296855117,0.06974185607645257,-0.39996369755857814,1.1825181211613727,0.07742308529982403,1.521518538089834,1.5130914343326616,0
2025-05-21 08:46:06.380,8,Codo_Der,-25.78991797890018,-13.874229903985897,253.1514258067549,1.3874983909274987,0.08101771086637499,-1.4782621567722887,4.201715178580203,0.40421466878176926,-7.37536572784576,0
2025-05-21 08:46:06.381,13,Rodilla_Izq,6.6891096427158665,41.39048580032482,250.65473579264568,-0.01699919093525303,-0.10270932359845834,-0.6369947482030243,-0.050794919800774885,-0.28752657176641616,-1.9033904185046262,0
2025-05-21 08:46:06.383,14,Rodilla_Der,-14.485826821439566,41.83733237028818,248.34884336577264,0.26044075280145085,-0.7545052614290866,-4.486049439566596,0.6717359230093801,-1.9650742936545937,-11.743322144457434,0
2025-05-21 08:46:06.384,15,Tobillo_Izq,6.843770212076334,77.34892273962397,256.44904410823784,-0.100065169639654,-1.4451285948682946,-3.7021657044434617,-0.415739928408234,-2.9053292472645564,-15.065371796427314,0
2025-05-21 08:46:06.386,16,Tobillo_Der,-13.48142728222417,79.66246679608136,254.45217537950325,-0.9636679250217156,1.1978650717645776,0.9069100154414416,-5.442341989449955,7.206274653178032,6.843178045860517,0
2025-05-21 08:46:06.562,7,Codo_Izq,15.057954335490283,-17.51921052458971,250.8587787577577,-0.053243346576339626,0.24595330587591063,-0.8650704715093777,-0.2787394716782846,2.574180418242076,-4.487594471931551,0
2025-05-21 08:46:06.564,8,Codo_Der,-25.701349917648095,-14.236734483473006,253.0975553012894,0.6910040051591446,-1.2249961011916457,-0.7984644643780616,1.5980965873594912,-3.8369934655242783,-3.6181158837341902,0
2025-05-21 08:46:06.565,13,Rodilla_Izq,6.685581108019357,41.36882423353712,250.52251431933618,-0.016901003466100524,-0.10194797111461819,-0.6333154612047395,-0.04600231086082493,-0.2659314894970018,-1.7238014759150495,0
2025-05-21 08:46:06.566,14,Rodilla_Der,-14.866627644495388,41.898613929269224,248.71210923083913,-1.2582197129978876,0.026570775427381753,0.150009159947517,-4.18362052515492,0.6000441763139295,3.5069979358633123,0
2025-05-21 08:46:06.567,15,Tobillo_Izq,6.834608771423577,77.64323687605481,256.1090450284503,-0.06735191287780745,0.725238886251626,-2.473384901388168,-0.23774873840685193,3.802655180710338,-8.550160244526502,0
2025-05-21 08:46:06.568,16,Tobillo_Der,-13.631378193877447,79.63893214102157,255.20259422077854,-0.9635684678103992,0.49981383185428213,3.142568326140142,-4.143628101761868,3.1923365533145747,12.03027489882621,0
2025-05-21 08:46:06.736,7,Codo_Izq,15.040292149982095,-17.48032566865772,250.5647706699112,-0.08428817928624452,0.3510592606094486,-1.3884978994696269,-0.3146868340689448,2.2003300418774647,-5.138153837335459,0
2025-05-21 08:46:06.737,8,Codo_Der,-26.07347111621975,-14.33799182138315,253.23479873156842,-0.9427931039391884,-0.7905261000604057,0.039275207161219836,-2.884513779923091,-2.3574574780765314,-0.7438530789213633,0
2025-05-21 08:46:06.738,13,Rodilla_Izq,6.344979222281764,41.773496148418914,250.8572431304908,-1.0745441518425791,1.234153776327633,0.8249704128403657,-2.968317709554172,3.4328366006666164,2.3638637267755866,0
2025-05-21 08:46:06.739,14,Rodilla_Der,-14.6352584033465,42.31288389051561,249.1119447241005,0.22212822071090896,1.3483342548094666,1.5381081950839728,0.27658817663682633,4.0736263904854635,6.28568395957503,0
2025-05-21 08:46:06.740,15,Tobillo_Izq,6.854786397483271,77.98629568996257,256.86568234872374,0.03531089412793783,1.4700400879067002,1.3592654143855216,0.07040511344828923,5.1802886466270825,2.878158677815472,0
2025-05-21 08:46:06.741,16,Tobillo_Der,-13.589595390200845,79.59008098526733,254.17169968593194,-0.3245577434558243,0.16064531261427545,-1.8584345543179632,-1.7783920469501426,1.5923086673078448,-3.246938227671034,0
2025-05-21 08:46:06.890,7,Codo_Izq,15.040360242443239,-17.473440465078586,250.5658605361388,-0.04585954048875721,0.27742351689214734,-0.7521335668948312,-0.2012600412422379,1.705066608361097,-3.273531343332777,0
2025-05-21 08:46:06.891,8,Codo_Der,-26.213138349282357,-14.034361001174167,253.47567725847645,-0.8594983184890562,0.4640466696674597,0.6307453184201632,-2.616076642488903,0.7071027469570241,0.903318814537704,0
2025-05-21 08:46:06.892,13,Rodilla_Izq,6.261161297211732,41.98440781043016,251.5201007467857,-0.7444074495594569,1.1783127893623295,2.256645263313339,-2.1784459602817927,3.298785353132838,5.796792727378039,0
2025-05-21 08:46:06.893,14,Rodilla_Der,-14.552294209105522,42.124663050895464,249.29051716680212,0.3128751157732077,0.1371239208210568,1.3817201353018798,0.5840552703557012,1.07105370239693,5.387933299528026,0
2025-05-21 08:46:06.894,15,Tobillo_Izq,6.520721240717041,78.25383980049055,256.6232395978291,-0.9223325604745681,1.5306463674709792,-0.10114084752799007,-2.230414514231864,5.043479440531249,-0.40653937305433496,0
2025-05-21 08:46:06.895,16,Tobillo_Der,-13.293315635882674,79.89066009661146,254.845435726674,0.6115015151932641,1.0048653983469893,1.1496088124101116,0.7049847714075557,3.329491425193262,3.5026748501681366,0
2025-05-21 08:46:07.042,7,Codo_Izq,14.75024180447651,-17.48195213820312,250.72647807826726,-0.7552497810675592,0.19975316896790454,-0.09325784889537375,-1.687626922457319,1.3325519052266352,-1.6180969807673504,0
2025-05-21 08:46:07.043,8,Codo_Der,-26.571810890400705,-14.529054806255429,253.73828087927714,-1.3742843883985836,-1.0327711636969104,0.9281859836483812,-3.6630181011684577,-2.327853069727031,1.7305519818211283,0
2025-05-21 08:46:07.044,13,Rodilla_Izq,6.8089010519551545,40.91068416137319,250.33143819694072,0.9614838641447295,-2.050054024767651,-1.7983463055733175,1.4528117679969301,-3.5340621369756846,-2.664738276456813,0
2025-05-21 08:46:07.045,14,Rodilla_Der,-14.815145366186366,41.41488739529192,249.17727703355865,-0.5113706990629203,-1.6466774412143639,0.5771561036351962,-1.0946295296482391,-2.8615391002240207,3.3474365284223406,0
2025-05-21 08:46:07.046,15,Tobillo_Izq,6.735438584193032,77.43801700788981,257.6224282958031,0.06831658095824486,-1.1575199560205276,2.432920941050883,-0.2154857566487962,-0.8144781465573709,4.9883056932458185,0
2025-05-21 08:46:07.047,16,Tobillo_Der,-13.823727494196987,79.55819566631087,255.66234935764174,-1.0749802137366,-0.25090818787146113,2.6809848681718575,-2.6375288896564304,0.5577298227484082,6.687421113246099,0
2025-05-21 08:46:07.196,7,Codo_Izq,15.620558764557872,-18.213126189285326,253.00115050054754,1.5336549073390475,-1.4505891245492384,4.906807557044408,2.5342557273974595,-1.9295572740468565,8.063960606592012,0
2025-05-21 08:46:07.197,8,Codo_Der,-27.64502903712285,-15.93466205533303,254.54410589676263,-3.181289125356676,-3.691920609822256,2.2687334665798002,-7.09611386808795,-7.441891672847634,4.4258337065727975,0
2025-05-21 08:46:07.198,13,Rodilla_Izq,7.101435966246101,41.053049713321656,251.76892220000204,1.1135948412363998,-0.7017467668632708,2.346414471087435,1.9872990161029853,-1.4384586362495422,4.657894810222931,0
2025-05-21 08:46:07.199,14,Rodilla_Der,-15.562813234470834,41.308033995479526,250.23336550007778,-1.9385661158564107,-1.0587335243606906,2.832879778898049,-3.846516846246982,-2.10503343278311,7.238765004496695,0
2025-05-21 08:46:07.200,15,Tobillo_Izq,7.12934204661524,77.0611108935723,257.9671805458784,0.8851231291904419,-1.3197906829564505,2.0427505208960794,1.4034272896453732,-1.6080544200556797,4.616739301189685,0
2025-05-21 08:46:07.201,16,Tobillo_Der,-14.006748344288704,79.12940233458572,255.08426604029293,-1.0062609791446808,-1.0002689429149683,0.21187853928754752,-2.580582691005445,-1.1066911344859482,2.2004107127714674,0
2025-05-21 08:46:07.350,7,Codo_Izq,16.85451894083313,-22.35914569264358,254.26761548493562,3.291845264338719,-9.06322650481347,5.137234488657877,5.837087588589935,-15.244087584962918,9.476791484299047,0
2025-05-21 08:46:07.351,8,Codo_Der,-28.576478994913504,-19.75427218646749,254.27643420477528,-3.7095333098062926,-9.74424949351573,0.7184768348518679,-8.31304012682686,-18.237649201894925,2.1373182380312565,0
2025-05-21 08:46:07.352,13,Rodilla_Izq,7.207374945234261,40.33398964661586,252.3391223797982,0.81423480143428,-1.8401749942686154,2.4527838891656186,1.6818682804092298,-3.4657482141181464,5.180007403250855,0
2025-05-21 08:46:07.353,14,Rodilla_Der,-15.933432062864302,41.148203424220235,251.44068457073013,-1.8243068302993857,-0.9110860184828559,4.1402962626155935,-3.934886004302433,-2.007729091031358,9.575353335278898,0
2025-05-21 08:46:07.354,15,Tobillo_Izq,7.581743602536309,76.69091580683663,258.21731175182515,1.3726252010884161,-1.3940371994875274,1.6874318909603054,2.425046330348696,-2.1117535009869814,4.207549152780843,0
2025-05-21 08:46:07.355,16,Tobillo_Der,-14.143418406015673,78.8174909204855,256.124058469978,-0.8840325561443161,-1.1101316184572825,2.358028619793885,-2.4125163068690574,-1.6000097413978234,5.549896615650457,0
2025-05-21 08:46:07.507,7,Codo_Izq,18.31405024097917,-21.872209054481115,256.4726876579688,4.548957638734698,-4.176251771390746,6.997510691280527,8.345105277237508,-9.26291343409084,13.16966912580392,0
2025-05-21 08:46:07.508,8,Codo_Der,-30.047292230239453,-19.844902002255232,252.4114380762428,-4.957402370776235,-5.778770843904438,-2.943313257817935,-10.58020769399011,-13.503113851266228,-3.604818686788593,0
2025-05-21 08:46:07.509,13,Rodilla_Izq,7.146413974367665,39.76097623459225,249.46018336999782,0.3706974829032459,-2.1143585330810897,-3.8246773931594453,1.0842772099171876,-4.164438683897536,-4.35053056182719,0
2025-05-21 08:46:07.510,14,Rodilla_Der,-15.425906987668045,41.47974718069623,249.71985240383447,-0.16361431369809773,0.05801786724851318,-0.6178824088466399,-1.5268127606422786,-0.5797951418717289,2.4565908824746687,0
2025-05-21 08:46:07.511,15,Tobillo_Izq,7.6943573456319605,75.96227823077179,255.46778071390438,0.984937666020454,-2.09820389251869,-3.9878151176696357,2.0493632186299817,-3.503330533401949,-4.575799205509695,0
2025-05-21 08:46:07.512,16,Tobillo_Der,-14.12754109639465,78.33315661774559,255.45764637869763,-0.5458300057211983,-1.4876093045649539,0.2326527260134471,-1.8874549299454062,-2.4360910820360764,2.391305592414162,0
2025-05-21 08:46:07.663,7,Codo_Izq,20.028333233903474,-14.193459331211333,258.0510126704075,5.627959558965513,10.456906786186527,6.882920064088821,10.572017519785797,11.792192357329991,13.947532344539786,0
2025-05-21 08:46:07.665,8,Codo_Der,-33.52523075015726,-9.983466807938353,257.75318747732615,-9.008745220470479,13.10675555828304,7.511027209864882,-16.97128885428566,13.749679804804444,10.96939421230189,0
2025-05-21 08:46:07.666,13,Rodilla_Izq,6.73759605934413,41.10820836122645,243.41534899851953,-0.44001801584512845,1.012119484123984,-12.33865860406074,-0.11321499177881877,0.15053949359558327,-17.77355982687516,0
2025-05-21 08:46:07.667,14,Rodilla_Der,-14.108518502760925,43.066242529641805,243.3189107901551,2.038141843048,2.676759684968381,-10.954919682629791,1.866509632551252,3.3676405514079746,-13.322873473605068,0
2025-05-21 08:46:07.668,15,Tobillo_Izq,6.9713348295298845,77.2061464849903,253.5845021777993,-0.6243502319361762,0.9018910259633406,-5.337783573350786,-0.20183371213121148,0.5273608261937741,-7.560551272234653,0
2025-05-21 08:46:07.669,16,Tobillo_Der,-13.739488974364027,79.13907603291402,252.86062739063465,0.25746406671638394,0.5142302354361195,-4.111795385641765,-0.6481096309858827,0.23089559827064265,-4.2436691629249195,0
2025-05-21 08:46:07.819,7,Codo_Izq,19.470346931455175,0.12051113609076403,250.19434996329773,2.5801082553398795,28.81338357145765,-8.306249240768837,7.066173196589771,40.090591150469834,-6.538295847483239,5
2025-05-21 08:46:07.820,8,Codo_Der,-32.224831720946646,5.891610121156486,251.68673232377813,-3.478601183823438,32.69609766205268,-5.4055592505434396,-10.440249667742247,44.58979778950341,-5.620014147960987,67
2025-05-21 08:46:07.821,13,Rodilla_Izq,5.545648879499583,44.36857127963408,236.22712267443964,-2.1277896099171127,5.719703367629981,-18.72008998216043,-2.643341340850133,7.142331824509634,-29.192841535093738,0
2025-05-21 08:46:07.822,14,Rodilla_Der,-13.821467642957431,46.09972882861781,235.67803221794486,1.5472854057666598,6.391301500816945,-18.42885289305322,1.752310424739071,9.180664989840109,-26.36513707224539,0
2025-05-21 08:46:07.823,15,Tobillo_Izq,6.687048665770783,77.72339970095946,248.42151010934475,-0.7572234971798627,1.2864686943614803,-11.393354494504656,-0.6194123668048519,1.3644645937394109,-17.132248873155973,0
2025-05-21 08:46:07.824,16,Tobillo_Der,-14.216928090148672,80.02677737408266,251.36874279256872,-0.7104272468539771,1.6818136440651397,-4.6339070359311405,-1.7965645868598807,2.0461937140309696,-6.05778735624804,0
2025-05-21 08:46:07.968,7,Codo_Izq,15.861303176735946,0.8671016694653209,225.09321030276485,-3.7734686068616488,18.157284758190908,-43.40106100175148,-1.5726097793955596,31.618117086001376,-57.00804064688966,100
2025-05-21 08:46:07.969,8,Codo_Der,-34.13310925233586,1.3834154118774116,275.79907545177605,-5.500297343342569,12.217901925610194,34.380400170429056,-13.142466997439147,23.635790027035355,47.374600655694465,100
2025-05-21 08:46:07.970,13,Rodilla_Izq,4.505138559251218,44.77503279843021,233.07935514536,-2.8417828482349026,3.933913410345038,-16.201334842608873,-4.115562810655159,6.027580261004384,-29.26288346921217,0
2025-05-21 08:46:07.971,14,Rodilla_Der,-13.358644181136361,46.199581486676905,232.5252881294783,1.5959137007512316,3.950674112978165,-15.82621244696573,2.2035748384210794,7.15504760928364,-26.60447629876964,0
2025-05-21 08:46:07.972,15,Tobillo_Izq,5.920702093908953,76.92605642903872,246.5287067186828,-1.5977053798717902,-0.5149502037718201,-9.769438091664652,-1.9911178439845785,-0.7660173141110547,-17.14109332633412,0
2025-05-21 08:46:07.973,16,Tobillo_Der,-13.583522762329318,79.69039330847984,250.2211945858732,0.4930358689329373,0.4448173796224565,-4.480049459234343,-0.1858402940095265,0.7525230732133414,-6.884118509122951,0
2025-05-21 08:46:08.119,7,Codo_Izq,12.098910337216983,-24.00562474701658,228.15259258505338,-7.613462698562827,-26.34105751828142,-20.8269716423226,-8.07795531640257,-25.801267407765103,-35.87227872839526,45
2025-05-21 08:46:08.120,8,Codo_Der,-32.91248569690953,-32.13071443192498,290.27377933309447,-1.9030598809833492,-42.93364941124543,42.29641320578622,-8.615605745978165,-49.47090487328566,65.24096904651542,100
2025-05-21 08:46:08.121,13,Rodilla_Izq,4.258993079968926,33.13777829378868,237.3454864919457,-2.074102509748752,-15.24661504075372,-3.7502811493643677,-3.6383921854454386,-19.209991905375304,-14.77630867063604,0
2025-05-21 08:46:08.122,14,Rodilla_Der,-12.99935549219678,34.37608981087013,236.17825789713456,1.4901399804561326,-15.420773838448946,-4.266859165586895,2.3915749927386303,-18.49639501421933,-13.555233230230913,0
2025-05-21 08:46:08.123,15,Tobillo_Izq,6.4090953494311425,69.80107231128088,248.02142682553622,-0.18784285714143353,-11.104706732986896,-3.852517925814724,-0.44481931007108577,-15.202317645650384,-10.632391296034225,0
2025-05-21 08:46:08.124,16,Tobillo_Der,-12.332152792708008,72.31031587349538,249.48153270071333,2.111114424576778,-10.905218560683373,-3.8376808452121307,2.231845591202255,-14.541738244542893,-6.843737457380106,0
2025-05-21 08:46:08.271,7,Codo_Izq,10.437296088102931,-49.45491810330362,215.90449279038035,-6.8080632761392,-52.807289769801734,-31.359528129477347,-8.919917739114187,-68.57235393647599,-53.421330294311744,100
2025-05-21 08:46:08.272,8,Codo_Der,-28.612378156474325,-55.63897508387308,254.2389572891874,4.7597786533112,-59.870164337449324,-28.021461779997654,0.855056297135647,-82.69687705623386,-22.020969587485737,100
2025-05-21 08:46:08.273,13,Rodilla_Izq,4.316771911250094,16.335951195642615,236.19944746444762,-1.2195216805351698,-34.04131816350409,-4.802258220919189,-2.803034736507737,-48.05319035774889,-15.602991659126534,0
2025-05-21 08:46:08.274,14,Rodilla_Der,-12.697970517489491,19.345967608355682,236.3121135295858,1.3688851817137102,-31.412522075261236,-3.025650631630232,2.4894457882751344,-43.72278761888896,-11.665918682885884,0
2025-05-21 08:46:08.275,15,Tobillo_Izq,7.713040644639596,54.10602561886568,246.56183330063274,1.8203120841282674,-30.068809762233084,-4.951201035362577,2.2577925398388485,-43.168672319275586,-12.157322439564052,94
2025-05-21 08:46:08.276,16,Tobillo_Der,-11.750305091029507,56.70080041506601,247.83698291027065,2.068067512407308,-29.787783475348213,-4.88403872466158,2.7102097688302615,-42.41156768267776,-8.834644779030649,84
2025-05-21 08:46:08.421,7,Codo_Izq,9.962276478228576,-60.03571172663709,207.9832164521875,-4.7388391499621,-46.946530473320664,-31.436440727793958,-7.6087064977287024,-72.31175449727834,-58.65242276985529,100
2025-05-21 08:46:08.422,8,Codo_Der,-27.077684615857414,-64.00182237323124,231.40381200398264,4.623034257998782,-48.26736667824919,-49.21946823296673,2.484357638729911,-79.5027123384749,-59.032337797722654,100
2025-05-21 08:46:08.423,13,Rodilla_Izq,5.170564371045851,7.895507706057025,234.65147012651877,0.43906820240481015,-33.010023798469966,-5.968702468799427,-0.6488180905443874,-53.63957607969679,-16.909564830252776,0
2025-05-21 08:46:08.425,14,Rodilla_Der,-12.245694053922884,11.161761324280224,234.2656908264379,1.5443901910648141,-30.993596225322282,-5.514121095481813,2.9287945365431813,-49.68896994664672,-14.605528829844094,0
2025-05-21 08:46:08.426,15,Tobillo_Izq,9.21382740953873,46.99800668425544,243.02065531344908,3.296429737175779,-28.70577203308808,-8.695343511783394,4.6782491345217085,-47.386528561633085,-17.513635344644253,100
2025-05-21 08:46:08.427,16,Tobillo_Der,-10.912564342363947,49.32518043444373,243.696118861107,2.4696183520374313,-28.902355063718023,-9.259960940410425,3.7091731081387698,-47.2711468357834,-15.495522365693866,100
2025-05-21 08:46:08.576,7,Codo_Izq,13.222707338560593,-49.45646254348186,207.20217268614684,1.91103862617439,-12.97491983787361,-21.268726565853836,0.6330027714032287,-34.566303787906755,-49.00070466081605,100
2025-05-21 08:46:08.577,8,Codo_Der,-25.639775460644966,-51.36234368897962,218.4492162561541,4.532098709926942,-11.195217062278875,-47.71337573764737,3.882894159504605,-37.01424773864347,-68.38507077422773,100
2025-05-21 08:46:08.578,13,Rodilla_Izq,8.06269518856727,17.412819829706898,229.5066012570861,4.433321627936411,-6.296276635944385,-11.964570319514063,5.065600829281047,-22.837497094406142,-25.01985369229488,0
2025-05-21 08:46:08.579,14,Rodilla_Der,-11.818623238725447,19.439665455675314,229.52469004101954,1.6251136592549762,-6.825671754620381,-10.943496016098418,3.2378145539787515,-22.11252188555633,-22.098385985356426,0
2025-05-21 08:46:08.580,15,Tobillo_Izq,12.103586191558396,57.24850501162422,237.72627622239972,6.257434777091849,-2.617214199060717,-13.524517964261292,9.36745461498407,-16.599392806849025,-25.059992271751206,0
2025-05-21 08:46:08.581,16,Tobillo_Der,-9.996397123862312,59.169822377592624,239.88006828771887,2.8560878531762888,-3.300688101440399,-11.417117219444235,4.697482863276591,-17.244384099464796,-19.931367673632757,0
2025-05-21 08:46:08.734,7,Codo_Izq,15.938424923789926,-27.713483030437583,216.11182313902052,4.9630760104502745,22.903548577880695,-1.2629759545651662,5.484346848889533,14.31061745196326,-22.995125698938466,0
2025-05-21 08:46:08.735,8,Codo_Der,-24.5699581790997,-27.95279987387227,218.8326911827838,4.051339438205678,25.970163532246957,-27.976189825587014,4.4947799789462755,14.717674026279816,-50.639288827848695,100
2025-05-21 08:46:08.736,13,Rodilla_Izq,10.488024533737049,30.08815739611365,220.57118200743898,6.118188660822367,13.694437870800758,-21.09223803644451,8.413314578365753,5.31892264927885,-38.58832686996284,0
2025-05-21 08:46:08.737,14,Rodilla_Der,-10.049152820492322,31.88202363657282,221.18176214780883,3.671638466707787,13.170344973399857,-19.470999585855637,6.205938404858021,5.724736174827584,-34.87184284255519,0
2025-05-21 08:46:08.738,15,Tobillo_Izq,13.501419380127903,66.3781176912899,235.76298616008702,5.846386051300662,10.743241245762697,-11.516727507914784,9.951066252448456,3.0718704704168296,-24.06569253736181,0
2025-05-21 08:46:08.739,16,Tobillo_Der,-8.917558286835076,68.89288939800551,238.32648730358963,3.3590356581363037,11.242491799653314,-9.455783938737277,5.8423718818277965,3.8585873025677557,-18.913608468447414,0
2025-05-21 08:46:08.886,7,Codo_Izq,18.832920848639272,-20.278504245510927,228.47670687928724,7.125049885763542,23.15282199197601,15.605496205221883,9.678733537297138,21.965557790664647,2.8918687304448305,0
2025-05-21 08:46:08.887,8,Codo_Der,-22.649113329002404,-16.70576076726813,221.51289902070405,5.165162088585891,30.27734571629711,-13.872266447991555,7.025999713491289,29.11926039183135,-35.47069754284726,72
2025-05-21 08:46:08.888,13,Rodilla_Izq,12.334908584132714,36.7565656828813,218.10558099880052,6.389050101982651,16.837006127693037,-17.12032973580654,10.070219143429702,14.45930346193222,-36.20036053003448,0
2025-05-21 08:46:08.889,14,Rodilla_Der,-8.941988281314984,38.485801080330674,219.2666261647728,3.9357311837577895,16.52847084270415,-15.204374479062412,7.170946796209788,14.885881158260013,-31.956154910561917,0
2025-05-21 08:46:08.890,15,Tobillo_Izq,14.270219353682961,72.58672064282213,233.76802946470116,4.805019902841973,14.553422652216804,-10.573398894154291,9.478889717905288,12.241154855064355,-24.001763395516495,0
2025-05-21 08:46:08.891,16,Tobillo_Der,-8.675393526958333,75.48772429205437,235.93975365048937,2.47720409227132,15.431521120257868,-9.711510632735225,5.1652906353751575,13.636260290655946,-20.392566610655585,0
2025-05-21 08:46:09.035,7,Codo_Izq,19.519307107416157,-23.209715220795367,234.19116864270904,5.281268712671094,8.689610717339052,16.18685460277279,8.695334515753899,8.518016777107455,9.690462122141021,0
2025-05-21 08:46:09.036,8,Codo_Der,-21.788784928156794,-15.187908761040198,226.07493801826664,4.366111075718618,19.315640156725628,-3.018433421183754,7.048431613764046,22.375130930254358,-21.220199417968196,0
2025-05-21 08:46:09.037,13,Rodilla_Izq,13.105571928248404,39.67156035263909,220.39050597933678,5.087766601308804,13.652839643869141,-8.008137785213558,9.47163237230143,14.947346429012574,-25.567606092612174,0
2025-05-21 08:46:09.038,14,Rodilla_Der,-8.475411359556588,41.15132401006442,221.5184530609102,3.2072005563899926,13.17343093828345,-6.765582235580294,6.7638052133799045,14.951816850484528,-22.066294247355117,0
2025-05-21 08:46:09.039,15,Tobillo_Izq,14.671505861320115,76.3703698413492,234.50782172899545,3.730220905456409,13.64872120863879,-6.083850494936484,8.624113529263944,15.23185946740256,-18.759220524979575,0
2025-05-21 08:46:09.040,16,Tobillo_Der,-8.273589560703428,78.50553585216245,235.70863575122343,2.2360117225343097,13.059105131110087,-6.789807909207295,5.113570352386044,14.776778838847473,-17.461146172473395,0
2025-05-21 08:46:09.204,7,Codo_Izq,20.175118837467615,-23.91988182829417,237.49556702023258,4.196126366458428,3.701430773850424,13.130826272759244,7.979233216368023,3.892546620986052,10.592569364324932,0
2025-05-21 08:46:09.205,8,Codo_Der,-21.303133338647456,-14.342646192660645,228.61148112745607,3.3719720875585817,12.140397661435934,0.3284022666004074,6.346307958322919,16.888912966509626,-14.46962020885375,0
2025-05-21 08:46:09.206,13,Rodilla_Izq,13.70499491932241,41.456987485760266,223.65080644399416,4.100572331023758,10.251595626858034,-1.2777457957693694,8.685210593327485,13.492728809860603,-15.538598207442677,0
2025-05-21 08:46:09.207,14,Rodilla_Der,-8.721021129215957,42.839552047217,224.9548433307291,1.740903597506448,9.891897377852112,-0.11742707255398893,4.986696553019756,13.463517216007789,-12.203277885826802,0
2025-05-21 08:46:09.208,15,Tobillo_Izq,14.60916999627717,78.34247125338271,235.13487860233923,2.4279245053129976,10.552962049952276,-3.6382585981476065,6.986486493555994,14.14740931899014,-14.893728555546108,0
2025-05-21 08:46:09.209,16,Tobillo_Der,-8.318113616661043,80.42571219795987,237.12748369809444,1.439383135447945,10.165855165002158,-2.6621969278703066,4.119070572723261,13.800556055856099,-11.794533926573994,0
2025-05-21 08:46:09.352,7,Codo_Izq,21.29742759217654,-22.501221625818324,236.10259267463803,4.373409190032848,4.213939387605838,5.202442691603678,8.811360955841145,5.558761897872069,3.641613255774929,0
2025-05-21 08:46:09.353,8,Codo_Der,-20.55001622202877,-14.021516180564502,229.5061131285789,3.289556779396614,7.801052508018847,0.20983870335727392,6.7170413788034695,13.544149077405283,-12.447575841797564,0
2025-05-21 08:46:09.354,13,Rodilla_Izq,16.866888267522906,39.1659957662177,219.1996346326586,7.3934660732589395,2.7460251708650403,-8.532070058881331,13.635272637819671,5.528491724117681,-23.77365883192836,0
2025-05-21 08:46:09.355,14,Rodilla_Der,-8.014771107130459,42.63011470694025,226.65123090325537,2.3155790962828675,5.636285367918678,1.3743213213014862,5.7792381909862405,9.796637371198639,-8.484690735137324,0
2025-05-21 08:46:09.356,15,Tobillo_Izq,18.163887689618026,76.50219377847742,233.51045277703244,7.0174460915790275,3.612440190126226,-5.449284858238761,13.263191643934741,6.986048081623477,-16.750139858376052,0
2025-05-21 08:46:09.357,16,Tobillo_Der,-8.197681275472828,80.77260308474034,237.4335845969378,1.231447062089385,6.617266908667217,-1.8640643179104333,3.841561337385719,11.164298079763801,-10.124713420889275,0
2025-05-21 08:46:09.506,7,Codo_Izq,24.36068259682144,-22.717818009662203,229.66582873493607,7.382877340857569,2.175188357655977,-6.7068072321151275,13.421748081670678,3.681081726967393,-11.042811135401777,0
2025-05-21 08:46:09.507,8,Codo_Der,-19.03844462101249,-13.998997111193876,230.21427040893008,4.392070384193301,4.945243424564873,0.0204640329889719,8.584239711673373,10.844541287354069,-10.787078442530724,0
2025-05-21 08:46:09.508,13,Rodilla_Izq,22.209172170639825,35.96357242924233,212.6773147762878,12.60882663273397,-2.9267219788755963,-15.803296586755055,21.789646895343058,-1.9150430619190075,-33.71249555878637,0
2025-05-21 08:46:09.509,14,Rodilla_Der,-6.457354164844334,41.37181668204498,227.1655830243323,3.9144131569464538,1.6936008354449923,0.6429810296324172,8.063634925275633,5.275174671065947,-7.671209146704778,0
2025-05-21 08:46:09.510,15,Tobillo_Izq,30.946066682296482,72.84916444777598,228.51668607922787,23.373310767898577,-3.0501585953910455,-11.456304676740427,36.54898667592587,-1.6700890890543532,-24.730664406691403,90
2025-05-21 08:46:09.511,16,Tobillo_Der,-7.779607795909782,80.3627451217845,238.44020060681868,1.5459281320047848,3.5326880700159142,-0.31042719156459614,4.210778953774649,8.016914314993947,-7.2739702530316706,0
2025-05-21 08:46:09.666,7,Codo_Izq,31.513948745667793,-21.745294470127757,218.52039046912682,15.217776920978547,2.7850928349560413,-20.566539023160335,25.08274340154616,4.839832793427497,-31.017311695373657,2
2025-05-21 08:46:09.667,8,Codo_Der,-12.765775874245712,-12.725155594603956,231.6244563973926,12.082258390194752,5.181730421850331,1.080581524663921,19.564971517316746,11.528876543117887,-7.6762196629977355,0
2025-05-21 08:46:09.668,13,Rodilla_Izq,31.839623751648006,35.25477265310616,205.83975743435258,22.071923797662823,-2.5796736002061107,-20.549040305306733,36.529988989808786,-2.346104286427001,-41.49143060734869,0
2025-05-21 08:46:09.668,14,Rodilla_Der,-3.21689443191768,41.73447239197028,225.34796273231865,7.343043403176429,1.8119187526949367,-3.0975477139312724,13.110531854970692,5.320947290236664,-11.337547034641783,0
2025-05-21 08:46:09.669,15,Tobillo_Izq,49.6673717692547,68.47197990323434,215.16799188432176,41.83736714405843,-8.020943423858805,-27.29300504344615,65.7220641852333,-9.449448967142674,-47.249241326754486,100
2025-05-21 08:46:09.670,16,Tobillo_Der,-6.937430047961423,79.56158982814453,239.2923690595825,2.350872151839349,1.2047390206281776,0.43287607505473374,5.296802450313193,5.055481604741081,-5.270212295287484,0
2025-05-21 08:46:09.819,7,Codo_Izq,40.6845499994014,-19.361109316400555,204.68313959630456,22.98007896590372,5.267003759566995,-32.922950054627805,38.24420505079671,8.660441559892028,-51.77144061200801,100
2025-05-21 08:46:09.820,8,Codo_Der,1.912166493635457,-10.110588218419108,231.12707100736557,29.101370496458408,7.345253023383577,-0.907853251455917,44.88004701848308,14.919863085828911,-8.826910784798052,90
2025-05-21 08:46:09.821,13,Rodilla_Izq,45.30738818179664,36.912028543608294,199.39312430680343,33.589203155487176,1.003115573459713,-22.976595066746068,55.950717714924096,1.8293423714050054,-47.160684077637406,0
2025-05-21 08:46:09.822,14,Rodilla_Der,4.515649522506537,42.893359768829654,222.52924343069233,16.047302616494314,3.0443087960596347,-6.63837649358033,26.081003806064103,6.9678318577615945,-15.782712803998876,0
2025-05-21 08:46:09.823,15,Tobillo_Izq,66.43059044474221,70.59193551794112,206.6868296401201,50.451080799873864,-1.5386736843600242,-29.692204125489503,85.01150582483828,-2.5081540123699755,-54.80028649629321,100
2025-05-21 08:46:09.824,16,Tobillo_Der,-5.040922587547832,78.85177600531424,238.23985839635515,4.383910603813535,-0.01856049011511187,-1.8166760482101008,8.260418703499784,3.1414938022041516,-7.393549248347355,0
2025-05-21 08:46:09.975,7,Codo_Izq,47.75530234091173,-19.134121608617207,191.1983590689453,24.70310278718798,3.600966313076226,-40.05327834737465,44.29105570717278,7.25010702696542,-67.24605589045161,100
2025-05-21 08:46:09.976,8,Codo_Der,22.07895551319156,-9.655357920563096,217.766567257159,47.4629907627334,5.48586517371772,-20.899810703930267,75.14329172920579,13.161799269386734,-35.15751142936283,100
2025-05-21 08:46:09.977,13,Rodilla_Izq,56.749648991097615,37.84925712442105,194.8878271299308,37.74202289046962,2.0181923432440647,-21.740605596859787,67.01153892289346,3.351764946276554,-47.83753194500796,0
2025-05-21 08:46:09.978,14,Rodilla_Der,19.109084275184166,41.73300911788092,219.68869499276198,31.406256669751137,0.3596730460809617,-8.743694922095434,49.711020004179986,3.510657928328826,-19.015907519163676,0
2025-05-21 08:46:09.979,15,Tobillo_Izq,75.39209456202005,73.03883021781168,202.13677306245464,44.6711061936286,2.649354648162304,-25.6606691629322,85.08290544195732,2.9506558273206283,-53.27106590544956,100
2025-05-21 08:46:09.980,16,Tobillo_Der,10.800265395584912,78.46711126794389,233.12583068793887,26.132811905894627,-0.28765483958492866,-9.057349231629413,38.495583389562626,2.2976916555338827,-16.912366320746074,66
2025-05-21 08:46:10.129,7,Codo_Izq,54.48541235978611,-20.41746189010225,182.94339258477007,25.605188131921828,0.47059057426697437,-37.19226777659889,49.13219540657819,3.3876111510324893,-69.86538440796748,100
2025-05-21 08:46:10.130,13,Rodilla_Izq,64.7782447923579,38.65004105657738,192.38254379772437,35.742996076982585,2.4372591070118346,-18.302230538152827,69.89541097167022,4.257782486336501,-45.02135306189009,0
2025-05-21 08:46:10.131,14,Rodilla_Der,38.51308037448909,40.8964887197965,215.07709626558605,47.92713106225079,-0.7443981733758362,-12.646272180970236,77.81632385277065,1.6356136890915802,-25.129371817401793,0
2025-05-21 08:46:10.132,15,Tobillo_Izq,80.55507405931617,74.96480245426541,199.80640689962436,36.43699954398045,4.356492313647218,-20.39185829842142,79.64069814647219,5.931873837406506,-48.76387939141397,100
2025-05-21 08:46:10.133,16,Tobillo_Der,41.59380410144581,76.10957285047212,226.38331331207797,61.184244288814725,-3.3996064933286063,-15.74209429008625,91.37822741698875,-2.404505397757755,-27.260091699181565,100
2025-05-21 08:46:10.289,7,Codo_Izq,60.41924300720994,-20.035190027875128,179.50798941984306,25.194119961473273,1.0971020482083391,-28.830749993718378,51.51307800381989,3.914964548341727,-62.967989310188216,100
2025-05-21 08:46:10.290,13,Rodilla_Izq,70.09153278125815,38.837949278687184,190.8447751231714,30.923463505824234,1.8046135590330348,-14.957331356151604,67.22964932046102,3.7394475704681778,-41.04554694676231,0
2025-05-21 08:46:10.291,14,Rodilla_Der,57.7626817917174,40.01396872507628,202.72912912630022,57.811952399594226,-1.4903743147073694,-26.37498055554417,98.96710653268352,0.06339416889718641,-45.166916744981414,100
2025-05-21 08:46:10.294,15,Tobillo_Izq,83.12787451658507,76.4784564213542,198.217052629777,28.12537968792183,4.801058749448812,-16.35206663804042,71.00397657058474,7.410528622863638,-44.12167236003152,100
2025-05-21 08:46:10.295,16,Tobillo_Der,63.548752842435036,73.78973751975737,209.02631035781243,69.20661020262838,-5.213364164424938,-35.377184687400664,113.33319165360632,-5.899191959737864,-56.289760126581186,100
2025-05-21 08:46:10.445,7,Codo_Izq,65.1462547730569,-21.039934177560443,181.3696257457171,23.521405708528494,-0.6016831818048941,-16.603359197506286,51.90927058509228,1.4692175273402843,-48.773274151852966,100
2025-05-21 08:46:10.446,13,Rodilla_Izq,73.98043498174914,38.62262048153093,190.7799168762331,26.424590673685202,0.8757889752101152,-10.889319725355486,63.790936203989624,2.6580844312398533,-35.542214269855506,0
2025-05-21 08:46:10.446,14,Rodilla_Der,70.3862521680894,39.237821681207855,195.71955376120007,54.83369595866356,-1.837791247509916,-26.854210619140023,103.89529903153819,-1.0286484127909812,-49.91737160360738,100
2025-05-21 08:46:10.448,15,Tobillo_Izq,84.29988829168008,76.46269830272375,197.0511008183919,21.456508955900166,2.917410720737691,-13.444678165849526,62.905909282913555,5.7097057546727505,-40.31476308375586,100
2025-05-21 08:46:10.449,16,Tobillo_Der,75.8327509849366,71.7340468843232,197.62533582769532,61.02101774896381,-6.016935082601731,-38.5653533027005,113.69758841906159,-8.252310081465279,-66.76544880534314,100
2025-05-21 08:46:10.606,7,Codo_Izq,69.83320278350568,-21.74417210168744,183.72584338800084,22.645599713315484,-1.1739411280310161,-8.814775645428375,52.345512379760024,0.2189620231651339,-37.4583423140533,100
2025-05-21 08:46:10.607,13,Rodilla_Izq,78.23090551573158,38.51473359289299,190.64009899734964,24.465609679588397,0.49702333024693174,-8.58626808930298,62.11278022944962,2.091765155659303,-31.392974971235514,0
2025-05-21 08:46:10.608,14,Rodilla_Der,76.02951257217656,38.587184631542115,193.42294701164172,43.437317610630274,-1.902548351768136,-20.497360272455644,94.81041772164146,-1.7091110065054795,-44.56070436928462,100
2025-05-21 08:46:10.609,15,Tobillo_Izq,85.69988013580485,74.6589178525039,192.77516673219515,17.899214626453073,-0.7578911723548443,-16.28486408789336,57.15993511849085,1.0215037574592198,-43.47559258301219,100
2025-05-21 08:46:10.610,16,Tobillo_Der,82.18239275964144,70.27723115862379,191.90816475191568,48.26056406942724,-5.699547170439947,-32.52263833236203,103.77641001225021,-9.00914163273081,-64.0293798293898,100
2025-05-21 08:46:10.762,7,Codo_Izq,73.96761876557541,-23.31805746689329,184.90782274886072,21.513852535646247,-2.838409400214172,-5.848882427050504,52.256670199972746,-2.5567221755554588,-31.44633209321377,100
2025-05-21 08:46:10.764,13,Rodilla_Izq,79.80699297623751,36.842437785850514,190.07461484664154,19.51753079894296,-2.0240719946412873,-7.745884645917398,56.12194028755216,-1.44597865257454,-29.081568829127793,0
2025-05-21 08:46:10.764,14,Rodilla_Der,76.92653236674083,37.71164008093827,195.22302640478748,30.45174255455293,-2.33511964269042,-11.096463545979507,80.7622755579923,-2.8195136171053012,-33.50591506776074,10
2025-05-21 08:46:10.765,15,Tobillo_Izq,85.31294025707113,71.88609313132143,188.82070164099005,13.09570293762733,-4.3252254612446785,-17.44231422851913,49.423317041589314,-4.292167169885095,-45.22503319411771,100
2025-05-21 08:46:10.766,16,Tobillo_Der,87.75021084192535,73.09506255828191,202.3768660187756,40.38617372149396,0.6184059325621591,-5.844583113378408,97.31446721094896,-1.4003183516673694,-31.483469913069968,100
2025-05-21 08:46:10.914,7,Codo_Izq,77.39660998576962,-25.40377826892925,185.26562005965795,19.970270109741534,-4.643643044109239,-5.0753315283405795,51.394211516622036,-5.805440147493973,-28.239165698507733,100
2025-05-21 08:46:10.915,13,Rodilla_Izq,80.12700866626624,35.63993073897227,189.83439669922183,14.800924694730508,-2.859903188745544,-6.647702712377988,49.56424080880765,-3.202290333330268,-26.54898960901011,0
2025-05-21 08:46:10.916,14,Rodilla_Der,75.92575044162844,37.0663325134493,195.95298060096164,20.28534497921854,-2.3136791038810762,-7.2198403936225235,67.69001925028635,-3.33698341050342,-27.919188947992758,0
2025-05-21 08:46:10.917,15,Tobillo_Izq,84.91103547417163,70.45213247714989,186.58305610541873,10.07655869808884,-4.552637074223647,-15.650240313620307,43.52143831078493,-5.748839389046333,-43.376632542314674,100
2025-05-21 08:46:10.918,16,Tobillo_Der,87.74160912263726,72.80500522104097,203.9889212620399,27.963403589736888,-0.2550678594124638,-3.236664916105182,82.83670785164364,-2.134891843822536,-25.771045660718514,100
2025-05-21 08:46:11.079,7,Codo_Izq,78.9125598832573,-28.750868320837426,187.6826752594787,16.281002490673462,-7.592459037343899,-1.4746120493494725,46.4667252901436,-10.801397375650744,-20.984417850135927,99
2025-05-21 08:46:11.080,13,Rodilla_Izq,79.76098257362237,35.05936921142398,190.4666757140862,10.975918235244924,-2.4681702364168183,-4.6523539679811545,42.62950904715353,-3.334389299456616,-22.384693423668665,0
2025-05-21 08:46:11.081,14,Rodilla_Der,75.18504362257382,37.215880906879214,194.83606189615284,14.669435579881345,-1.1595975606929187,-7.611257721571534,57.71513697484821,-2.188041319732852,-27.020218727768757,0
2025-05-21 08:46:11.082,15,Tobillo_Izq,84.11836861056787,70.82475200096552,186.4604695396152,7.6078577864026125,-2.088848869920183,-11.491852811646737,37.45123519129715,-3.353827450547319,-37.30521823766712,100
2025-05-21 08:46:11.083,16,Tobillo_Der,85.7038172277085,70.92884380203023,197.5316912500181,17.731373517416223,-3.072727410867247,-13.414083557214317,67.34087871820007,-5.737061621590489,-36.89521336580146,100
2025-05-21 08:46:11.230,7,Codo_Izq,81.91376770019406,-29.74073129975706,187.7442934597305,16.326656072712368,-6.043905545115029,-2.486192136174987,46.473361474723866,-10.235828411375909,-19.936465066522498,99
2025-05-21 08:46:11.231,13,Rodilla_Izq,76.54501846948828,37.25157171904506,190.41078975522143,4.3352036032496235,1.7360094936349544,-4.3024517586052164,31.92650596130143,1.8592722560780435,-20.57945419105501,0
2025-05-21 08:46:11.232,14,Rodilla_Der,69.98702826633624,37.68770468005434,195.83710811493194,4.5410897220860775,-0.057902172740735745,-4.581159069391412,41.59889843958507,-0.8468434943449517,-22.107539208463386,0
2025-05-21 08:46:11.233,15,Tobillo_Izq,83.27689044734903,71.92315612806269,189.0973531910496,5.743753353602888,0.31232841641293096,-4.955796568509375,32.61934262520636,-0.4557199973900863,-27.72304571507715,77
2025-05-21 08:46:11.234,16,Tobillo_Der,80.3547166475759,68.98743421810168,194.96438443475648,6.641907990671873,-4.826318679011937,-13.46643456428499,49.77860018801064,-8.549899503913037,-37.121072300264686,100
2025-05-21 08:46:11.383,7,Codo_Izq,82.47348321126009,-19.128424933688322,188.3283415910259,12.759244032172058,11.79943809337475,-2.1145479517622134,41.51242405960762,13.10023427245363,-17.540397650858026,79
2025-05-21 08:46:11.384,13,Rodilla_Izq,68.97798174622315,40.632509604901315,191.28804357241302,-6.189418996540205,5.959976407543575,-2.6050846092010893,14.70331831495158,8.053879869643811,-17.025617695105097,0
2025-05-21 08:46:11.385,14,Rodilla_Der,63.39620400180459,41.38573517209517,197.0295734316997,-3.7884859400176167,5.3298669067440825,-2.4117103156875372,26.0411546129991,6.594750150158401,-17.80160323735587,0
2025-05-21 08:46:11.386,15,Tobillo_Izq,82.32556154547201,73.70078727498291,192.387662995744,4.26289116761862,2.7194198239079475,-0.011858530918528664,28.194773332310128,3.018493174941553,-18.970977872152552,0
2025-05-21 08:46:11.387,16,Tobillo_Der,76.93787244245017,68.99226773455246,194.57716843712848,2.60852531737074,-3.0555947172466116,-10.305866413160025,39.741735242686445,-6.863726199376146,-32.908480370106666,100
2025-05-21 08:46:11.532,7,Codo_Izq,67.31475221220447,-0.22539126461660786,182.6886401745391,-12.564047822635471,34.68221256100838,-10.871560832243993,6.237550603949984,47.320544467020085,-27.86694141358864,100
2025-05-21 08:46:11.533,13,Rodilla_Izq,59.05270848586172,46.2847513691067,193.00840815250496,-16.30873399137198,11.902233484710633,-0.21316186708555937,-3.749105157906122,17.46379173209079,-12.399526500357918,0
2025-05-21 08:46:11.534,14,Rodilla_Der,55.722312303051545,42.788696781302,186.26906151495805,-10.83968179638962,5.207837289412655,-18.585298143464975,11.146882364103382,7.671970117298754,-38.34208643135724,0
2025-05-21 08:46:11.535,15,Tobillo_Izq,82.70963136795028,73.70404878714498,194.5638582075364,5.093884863272295,1.57637974976272,1.5329913457186615,27.0578100777008,2.1413681217063028,-14.161998952143339,0
2025-05-21 08:46:11.536,16,Tobillo_Der,77.51329222241203,69.07707918031326,194.4758316041243,5.597285185359522,-1.9463028349205966,-7.994003361989092,39.22818062459238,-5.622379274079954,-29.283238954027873,100
2025-05-21 08:46:11.684,7,Codo_Izq,58.63156441788952,-3.9107181523956545,188.73289205694752,-18.238866836051642,15.246266068998725,1.2808241038059096,-7.594345917903572,28.050494646752977,-11.631391665255126,0
2025-05-21 08:46:11.686,8,Codo_Der,18.167655179134158,-12.933232829845146,255.27834335393499,23.53868204333324,-1.0390488605261738,42.150563720222074,50.96645200350245,4.582400524993396,47.47882464891684,100
2025-05-21 08:46:11.686,13,Rodilla_Izq,54.012843608925806,47.29742446624958,193.40630535193813,-15.524168233557992,8.708692014482228,-0.6238250001847717,-8.821583735684154,15.428023642338339,-11.237091461651463,0
2025-05-21 08:46:11.687,14,Rodilla_Der,52.845739585959876,44.79679613052985,188.45343553244044,-8.396717659255797,6.126862322910492,-9.02366788951322,8.41143424416369,9.945780984453346,-27.286380894597997,0
2025-05-21 08:46:11.688,15,Tobillo_Izq,82.01688782659475,72.51344013566128,195.45293484027178,3.8168696375963944,-0.8203714855253486,0.7728562685559428,23.447859310039444,-0.8035431035848486,-12.503477003133348,0
2025-05-21 08:46:11.689,16,Tobillo_Der,74.97616706333568,68.86483170091898,195.4656051131305,2.419461796837667,-1.7409205711993547,-4.953089942983838,31.44604962923816,-5.3187074087563,-24.125215267832406,28
2025-05-21 08:46:11.843,8,Codo_Der,22.505464796001142,-13.040030082646501,262.50330772744553,22.09423433773646,-0.22229487258162597,34.738170231027034,50.96645200350245,4.582400524993396,47.47882464891684,100
2025-05-21 08:46:11.844,13,Rodilla_Izq,44.10603678678994,32.780911284857986,193.99402941455628,-22.70901628732653,-15.972024625716822,-0.45526896648665066,-23.69014709482739,-17.08421734709448,-9.568451037088368,0
2025-05-21 08:46:11.845,14,Rodilla_Der,42.71514102322216,31.84024773297353,189.71173099007493,-18.125944195676492,-15.376161429831322,-4.86365248532551,-9.6106809316775,-18.45277876715647,-21.185363222103287,0
2025-05-21 08:46:11.846,15,Tobillo_Izq,69.99174582920972,62.3036946009167,194.2763096813098,-13.837964642843218,-15.549619958235255,-2.527162846038289,-2.6703348711949495,-21.16678467095405,-14.815343642010788,0
2025-05-21 08:46:11.847,16,Tobillo_Der,66.06315777487023,60.19854765928572,193.70823199588457,-9.155474019280403,-14.113044683030775,-7.129054594160748,11.865154143049864,-22.154768724155893,-25.497168551289835,2
2025-05-21 08:46:11.991,7,Codo_Izq,23.293906973193018,-31.183128748887718,184.15465087548188,-61.771215039099,-30.62403302332139,-7.185728247361709,-73.67940085020102,-32.5456770811717,-21.053083487569396,100
2025-05-21 08:46:11.992,8,Codo_Der,4.414978746489634,-33.35404870158012,232.43672891396886,-11.570987813345246,-29.653535352073604,-23.44820473168609,6.779433118104656,-36.382513928557515,-24.541597392925638,36
2025-05-21 08:46:11.993,13,Rodilla_Izq,19.665500123847114,20.400669497902612,189.82871253494952,-49.11530489029239,-27.472476961635188,-7.213736075850035,-65.80486177674811,-36.96170486210289,-17.648323690669777,0
2025-05-21 08:46:11.993,14,Rodilla_Der,20.14238628612068,20.624399401005647,188.1634487567002,-42.91828974257682,-25.584916132852623,-6.482161407079239,-49.63564151099346,-36.12220617971809,-22.38586683259711,0
2025-05-21 08:46:11.995,16,Tobillo_Der,35.2193295911665,50.17959269195578,188.03375347263628,-48.950490980096816,-23.533032614232813,-14.047582203651926,-48.07188663330696,-37.698765813842265,-34.27185500530204,100
2025-05-21 08:46:12.145,7,Codo_Izq,-15.016670661529506,-33.61118595483709,178.0808173499779,-92.57396827030496,-20.967793932895933,-14.295796827019124,-130.42577064505107,-27.077864864098693,-30.641511283556795,100
2025-05-21 08:46:12.146,8,Codo_Der,-18.83086074476013,-32.10147600131692,203.29644113607537,-39.18828389332784,-15.435057925335885,-56.334733220434465,-36.755026342381626,-23.721640083880423,-75.52864997698373,100
2025-05-21 08:46:12.147,13,Rodilla_Izq,-8.423319798983293,20.57755273141926,185.39681913233466,-70.67462109104207,-16.035589578778882,-11.55559114006116,-105.7920222280857,-27.109919986607757,-23.949690653472814,100
2025-05-21 08:46:12.148,14,Rodilla_Der,-6.910757036242252,23.61700510980742,184.9925312944033,-64.75762689751713,-10.903154557957729,-9.773200169458878,-89.85352241988437,-21.17248365775091,-26.245031559359536,99
2025-05-21 08:46:12.149,15,Tobillo_Izq,67.82347134968474,59.65071262390374,193.70956780122745,-9.975167098733808,-13.172297821291721,-3.3701567768041056,-2.6703348711949495,-21.16678467095405,-14.815343642010788,0
2025-05-21 08:46:12.301,7,Codo_Izq,-37.82537700518566,-20.953777047669377,174.12996742556777,-89.07421591591005,6.443359501999729,-15.348142854765788,-144.15728062209817,5.930195460058698,-33.37219929699154,100
2025-05-21 08:46:12.302,8,Codo_Der,-31.959827323770842,-18.62445457646917,185.14756962812754,-41.141014275271715,10.49404131377268,-60.14334067876258,-50.011713499469316,8.956510410100279,-92.56321898528147,100
2025-05-21 08:46:12.303,13,Rodilla_Izq,-42.70414043144256,31.380324564736533,181.2319649653227,-93.4963019168656,5.973661982641226,-13.76494322877997,-150.2526296658767,0.5041843709137268,-28.138658203367093,100
2025-05-21 08:46:12.304,14,Rodilla_Der,-36.77152985736652,31.5209748690582,181.64067461723025,-82.7306888694439,4.637797315393203,-11.936244493954566,-127.62793254780237,-1.1975570912177531,-29.294601492864825,100
2025-05-21 08:46:12.305,15,Tobillo_Izq,66.23343831007797,57.336034382128304,193.00277687522976,-7.2744719393182,-11.534037916322042,-3.978356724301344,-2.6703348711949495,-21.16678467095405,-14.815343642010788,0
2025-05-21 08:46:12.450,7,Codo_Izq,-47.753173252833115,-16.237070535726467,172.7282440697443,-70.05933519638742,10.589774881352081,-12.365091094767283,-134.08241108017236,13.41903183460946,-30.816517615586367,100
2025-05-21 08:46:12.451,13,Rodilla_Izq,-60.06925330943025,38.130778161263294,179.51048645950144,-83.71866166675123,12.888636830219232,-11.620193643251111,-153.79110033314552,12.365939145949458,-26.831738860043483,100
2025-05-21 08:46:12.452,14,Rodilla_Der,-51.803419712192934,38.43462188776741,185.08294969888556,-73.11715486009211,12.339716606310382,-3.210776360882969,-130.20276142879663,11.437055465318442,-18.05078792272374,100
2025-05-21 08:46:12.453,16,Tobillo_Der,-6.241432793451882,58.7420780324581,185.96951483980018,-89.09773994466816,-1.9025069903676524,-12.800757144653435,-116.40665517134313,-12.309989225212746,-33.43331044811588,100
2025-05-21 08:46:12.617,7,Codo_Izq,-52.87176862741538,-18.29730234791521,172.83743697052032,-52.24674904757025,3.0555891630645236,-8.415482419964974,-117.03682960080499,5.314553283474718,-25.562908818914295,100
2025-05-21 08:46:12.618,13,Rodilla_Izq,-63.29862620726604,39.43724761993577,179.42371899415468,-57.56315803831702,8.96649629871419,-7.984863988392145,-127.80502561259203,10.314832667422397,-22.341941584640544,100
2025-05-21 08:46:12.619,14,Rodilla_Der,-53.576579308424556,40.10875988592079,185.6202063819756,-48.33294267736125,9.1702715050959,-2.4027953970223814,-105.51134219957648,10.338111185208431,-15.37981376285273,100
2025-05-21 08:46:12.620,15,Tobillo_Izq,64.9819285946647,55.115789793265726,192.13226973700384,-5.404156049932115,-10.547142047386332,-4.516006315137996,-2.6703348711949495,-21.16678467095405,-14.815343642010788,0
2025-05-21 08:46:12.621,16,Tobillo_Der,-31.545456189991143,64.57322593136725,183.49788828479976,-88.99278944650727,6.572650567280966,-12.673572514934769,-134.22776883107042,0.4756405232200809,-33.16836492949694,100
2025-05-21 08:46:12.765,7,Codo_Izq,-53.52690363819633,-18.4087418442823,171.07754266906602,-36.37725192527268,1.7725958272053932,-8.884157873830212,-100.10201742215722,4.056897681598837,-26.014599832109035,100
2025-05-21 08:46:12.767,13,Rodilla_Izq,-60.43465805142265,39.810946578296935,178.98689698366155,-34.70739509186946,5.769518069378758,-6.447119968684447,-101.98070082015447,8.153920397107985,-20.333874854674587,100
2025-05-21 08:46:12.768,14,Rodilla_Der,-50.58197541404826,40.65139769263681,185.54295444267046,-28.11596814203257,6.118158122688007,-2.621056754090245,-82.68214111089297,8.455347187767766,-14.473885842559724,1
2025-05-21 08:46:12.769,15,Tobillo_Izq,64.14813424107837,53.31182299162094,191.29616327467002,-4.061081409541066,-9.58797027202736,-4.704537581778405,-2.6703348711949495,-21.16678467095405,-14.815343642010788,0
2025-05-21 08:46:12.770,16,Tobillo_Der,-41.297897032431514,67.63844860392004,181.97916761565133,-68.94198961887972,7.71857316161416,-11.2440715746549,-124.1942364646795,4.672217689304668,-31.687580509048033,100
2025-05-21 08:46:12.912,7,Codo_Izq,-55.299242660917045,-19.04395197587709,170.70768190329508,-28.892166802687356,0.2713002647083794,-7.098918394418486,-90.74737094740516,2.1589755024055552,-23.56858836413253,100
2025-05-21 08:46:12.913,13,Rodilla_Izq,-57.46565991125883,40.72789046266348,178.6550593526637,-21.249677235834415,4.852200572042764,-5.371679350007919,-83.50142369080729,8.124040424718721,-18.656929922515978,3
2025-05-21 08:46:12.914,14,Rodilla_Der,-47.48037233342953,41.26356268545962,186.02723425993005,-16.191957046540107,4.597140823951199,-1.807607136157406,-66.30286407758508,7.699637619944445,-12.405968125667005,0
2025-05-21 08:46:13.047,7,Codo_Izq,-56.79877092747799,-19.613742658431367,171.8465607701168,-24.000214704017658,-0.5371395431459934,-3.7585661975972027,-84.15962535326321,0.8773343470457251,-18.840047674355283,100
2025-05-21 08:46:13.048,13,Rodilla_Izq,-55.20476504455214,41.42919948094196,179.39779676509104,-14.006865960545477,4.1237843160053105,-3.0881448192158873,-71.46519515302698,8.070306310323394,-15.309516570717456,0
2025-05-21 08:46:13.049,14,Rodilla_Der,-45.07763324583587,41.436924375892055,186.3224399843584,-9.878554517866187,3.177235074669734,-1.4671834174488494,-55.690373277099724,6.643831433020272,-11.073081269297665,0
2025-05-21 08:46:13.195,7,Codo_Izq,-57.38658987699785,-19.716880437597393,174.03218166258864,-19.696669191878385,-0.3347702066271525,-0.1654179093084539,-76.10271399494675,0.8085899874053584,-12.733027508038699,100
2025-05-21 08:46:13.196,13,Rodilla_Izq,-53.08617679500953,41.62018595537346,179.889814785303,-9.75798152092469,2.9617799554674757,-2.0750612664888815,-61.162917003783384,7.018008275693919,-12.996689524841443,0
2025-05-21 08:46:13.198,14,Rodilla_Der,-42.94229782146988,41.31916905828448,187.3116865662267,-6.382825041144323,1.9222439019564246,-0.18553866754909876,-46.97737140559619,5.275108997592388,-8.324286032415234,0
2025-05-21 08:46:13.198,16,Tobillo_Der,-45.1133598347537,70.04419987456265,182.51865203529812,-49.67477011677182,7.676580288391447,-7.385644025443552,-108.48710860113295,7.123852449438511,-26.520242479017774,100
2025-05-21 08:46:13.356,7,Codo_Izq,-56.731830054653386,-19.053542779932744,175.8526941199625,-15.16716455368417,0.9143562446360065,1.4575758938782049,-66.15359564934326,2.2668309526121155,-8.580266218363864,100
2025-05-21 08:46:13.357,13,Rodilla_Izq,-52.31904614323592,41.43848529739496,180.7271426962068,-9.044976411429884,1.742729479950056,-0.9141060451242283,-54.69300634239058,5.469559925942682,-10.230658716214403,0
2025-05-21 08:46:13.358,14,Rodilla_Der,-41.92532542116721,41.42737747892436,187.78519928988257,-5.797271349590259,1.5366190565552036,-0.154849182627293,-41.49577605178734,4.717188120683865,-7.062609213258188,0
2025-05-21 08:46:13.507,7,Codo_Izq,-55.401708754008695,-18.759488989709734,176.85495092479863,-11.094834026942557,1.0734701618778106,1.4254002615818728,-57.207273020713686,2.5344142025246903,-6.77690287198395,100
2025-05-21 08:46:13.508,13,Rodilla_Izq,-51.31154308478209,41.384107606648314,181.29209025061687,-7.647895103416406,1.2326440763754787,-0.5001783551628175,-48.565603499856834,4.693100936457506,-8.55323138326819,0
2025-05-21 08:46:13.509,14,Rodilla_Der,-42.18133130416096,43.10220419629126,196.44012950868813,-6.814390873409659,3.6415793931048017,12.18223995914228,-39.26620845741793,7.564542620457795,10.881164748631154,0
2025-05-21 08:46:13.510,16,Tobillo_Der,-46.23113298279334,72.52346822873655,185.48994564789723,-34.95522275589986,7.965264160956916,-1.4687614014291226,-93.03536344092127,9.649879870826904,-17.601587419668522,100
2025-05-21 08:46:13.670,7,Codo_Izq,-54.723356560138804,-18.09000550013102,176.88462515257126,-9.482545662035186,1.7232768652045372,0.058870505804896306,-50.616701808345994,3.471859468802719,-7.0057210365751965,99
2025-05-21 08:46:13.671,13,Rodilla_Izq,-51.11153119800419,41.40400599479379,181.9978840090048,-7.794346810174213,1.0378179901333442,0.009021555838067274,-44.321050234915774,4.199355648659191,-6.722882121343347,0
2025-05-21 08:46:13.672,14,Rodilla_Der,-43.00051800588077,44.05428879683443,203.13040742747268,-8.044189745905195,3.7947875700966742,16.525691597690564,-37.619384010111986,8.091189936504,20.155939788838516,0
2025-05-21 08:46:13.673,16,Tobillo_Der,-45.9878683369933,73.66326211492499,188.23123636304928,-24.463755665020074,6.253995192279823,1.7225540868458058,-78.5065529016529,9.072834991144807,-11.085912968739585,100
2025-05-21 08:46:13.824,7,Codo_Izq,-54.773384488795124,-18.064363076656164,177.34444121093958,-9.128044038483758,1.1663154721438476,0.07364501902038084,-46.55749536705764,2.9046694178807115,-5.927290066439845,80
2025-05-21 08:46:13.825,13,Rodilla_Izq,-51.77115876290689,41.128677890562045,182.59930491067277,-8.660406711895662,0.46388193286460894,0.28442366407155917,-42.169303696977686,3.219829276303055,-5.349641858450339,0
2025-05-21 08:46:13.826,14,Rodilla_Der,-43.865441120953356,44.41811701661438,206.2698632563692,-8.476415689396099,3.0619167982767155,14.266412323765358,-35.965117685496786,7.452579596971126,20.87770608530515,0
2025-05-21 08:46:13.827,15,Tobillo_Izq,63.4914582156347,51.58541548852862,190.39660165633845,-3.13045384526499,-8.99204877567379,-4.8893535772420496,-2.6703348711949495,-21.16678467095405,-14.815343642010788,0
2025-05-21 08:46:13.828,16,Tobillo_Der,-44.56779522588663,73.16377190015177,187.95755674536105,-16.56184345236728,3.039988873451455,-0.5897108154145191,-66.16773047102437,5.905973282312171,-11.908128624968803,100
2025-05-21 08:46:13.979,7,Codo_Izq,-55.36177058204074,-17.848999781303924,178.0804422222201,-9.405494372896591,1.1308742078722844,0.5788487809257652,-43.7394811537192,2.901722587398386,-4.3212745444644804,30
2025-05-21 08:46:13.980,13,Rodilla_Izq,-52.64291315577408,40.49527943463326,182.9773197041809,-9.203019544064732,-0.42147131369300767,0.2032371539705489,-40.17684510721826,1.7181130266850506,-4.545849987166558,0
2025-05-21 08:46:13.981,14,Rodilla_Der,-44.84152039195511,44.36114668712574,207.63348753113112,-8.704709698709463,2.0361533291239127,10.625334250306818,-34.392500931514476,6.193999605751047,18.63733434049403,0
2025-05-21 08:46:13.983,15,Tobillo_Izq,62.971632666383414,49.92862596507179,189.45565534132305,-2.482381789970177,-8.601594626960077,-5.037406630711449,-2.6703348711949495,-21.16678467095405,-14.815343642010788,0
2025-05-21 08:46:13.983,16,Tobillo_Der,-43.56109117121191,72.42440634768478,187.86064910108743,-12.340422097565172,0.8793593644097593,-1.505547739468945,-57.33102756401115,3.319406966082836,-11.62762005202021,100
2025-05-21 08:46:14.131,7,Codo_Izq,-56.14717499232124,-17.572492330696047,178.22078498549945,-9.536106020359428,1.2054539606478012,0.09901931771839308,-41.45024058412332,3.0482872050575787,-4.114964272469244,7
2025-05-21 08:46:14.132,13,Rodilla_Izq,-53.31302313408757,40.46492563247994,183.42346149271688,-8.95271349986522,-0.09317070371092936,0.35066196989379195,-37.79857483823096,1.745782736569826,-3.6025395885226814,0
2025-05-21 08:46:14.133,14,Rodilla_Der,-45.97816837483051,44.05261620558865,207.903267403163,-8.88848703580323,1.0676399830828616,7.126281899648922,-33.241126148375784,4.807759330119534,15.513228225203056,0
2025-05-21 08:46:14.134,15,Tobillo_Izq,62.56624367175493,48.388039076508726,188.52583690323178,-2.0199904364763714,-8.258990633266022,-5.092548106521587,-2.6703348711949495,-21.16678467095405,-14.815343642010788,0
2025-05-21 08:46:14.135,16,Tobillo_Der,-42.81363872002966,71.71524002707987,187.735326748021,-9.886387194278761,-0.33047787817864355,-1.9372571157543994,-50.74852184462553,1.5456969433399355,-11.154487209512894,100
2025-05-21 08:46:14.283,7,Codo_Izq,-56.92293466024076,-17.40356534325265,178.03363406790166,-9.382537232453817,1.0950073828681597,-0.5969694940787554,-39.118547032948854,2.9481740602922386,-4.428022383627749,1
2025-05-21 08:46:14.284,13,Rodilla_Izq,-54.19569494884809,40.89812531168768,183.5288828532312,-8.936940408251315,0.7516745597008794,0.0007152016263121397,-35.947992198749326,2.610406776364628,-3.412833383088837,0
2025-05-21 08:46:14.285,14,Rodilla_Der,-46.773769106061984,44.196194798382614,207.15831398606846,-8.370695305489667,1.1491812544305047,3.6732661846077956,-31.340585263078403,4.657607700721933,11.451043821844404,0
2025-05-21 08:46:14.286,15,Tobillo_Izq,62.228430192201756,46.88849808439365,187.5808430689853,-1.6980608588080062,-8.032994829890367,-5.140825115923481,-2.6703348711949495,-21.16678467095405,-14.815343642010788,0
2025-05-21 08:46:14.287,16,Tobillo_Der,-42.30359587146537,71.15193273004434,186.55360476111883,-8.481417482251869,-0.8510233782604064,-3.662904141003756,-45.49520266205949,0.4723197638321426,-12.687953809175838,99
