Timestamp,Keypoint_ID,Keypoint_Nombre,X_cm,Y_cm,Z_cm,V_x, V_y, V_z, A_x, A_y,A_z,Probability %
2025-05-21 08:38:23.431,7,Codo_Izq,89.2969563110684,-9.992787345041123,200.62495527797847,0.06359242471153331,0.05347583067747902,0.02038973242178871,0.010589613528710788,0.00890496600137619,0.0033953633200812187,0
2025-05-21 08:38:23.434,8,Codo_Der,82.93707046997548,-7.8563050330187245,215.3752896356322,0.14003710986464815,-0.055269089393545516,-0.0937896579851761,0.023319426486269623,-0.00920358516625751,-0.015618153192904587,0
2025-05-21 08:38:23.435,13,Rodilla_Izq,90.46131906728279,46.956631314027675,205.5500620788941,-0.00897339592919008,0.05123991615117897,-0.02038973242178871,-0.00149427853020669,0.008532634378165512,-0.0033953633200812187,0
2025-05-21 08:38:23.437,14,Rodilla_Der,88.0049532186703,52.36166726922926,227.54986424990537,0.08071602931430102,0.011260372339039634,0.04893458002352991,0.01344109081998124,0.001875113141238481,0.00814874244832767,0
2025-05-21 08:38:23.438,15,Tobillo_Izq,95.37285769741386,79.7560176760665,203.59976523785724,-0.017021004961071458,0.08714558733001639,0.08155504074333988,-0.0028343920714714596,0.014511761341756486,0.013580805680988602,0
2025-05-21 08:38:23.439,16,Tobillo_Der,93.00846393581661,87.62445284990474,230.5500502802218,0.056133563620151324,-0.006200457453724839,-0.01631411930371994,0.009347540173584449,-0.0010325199649802285,-0.002716679215666739,0
2025-05-21 08:38:23.617,7,Codo_Izq,89.58341499930258,-10.317509894605632,200.5262997283246,1.0611396109922127,-1.2029103134429349,-0.36546301809855947,0.45012011971602306,-0.5286185717231863,-0.16120843680319297,0
2025-05-21 08:38:23.618,8,Codo_Der,82.19105986599367,-7.498801821018352,215.2760286681067,-2.763544185748905,1.3243430002228331,-0.3676798473250908,-1.2169512930917092,0.5814549560352745,-0.14547167691673263,0
2025-05-21 08:38:23.619,13,Rodilla_Izq,90.96321253438562,46.36387858073666,205.92026472944892,1.859209984404917,-2.1957975037927895,1.3713787395865764,0.8062552054385216,-0.9581610835580006,0.5967185969533692,0
2025-05-21 08:38:23.621,14,Rodilla_Der,87.6998602902422,51.43379987247015,226.76015567329483,-1.1302007604036448,-3.437183058277613,-2.9253977710110695,-0.5011224004330536,-1.4897714245342952,-1.2737036456623936,0
2025-05-21 08:38:23.622,15,Tobillo_Izq,95.59186570928382,78.99063443748418,203.35334737098566,0.8112944269894601,-2.835295948409099,-0.9128457783168009,0.3537380678400303,-1.2402817786298497,-0.4071414773766563,0
2025-05-21 08:38:23.625,16,Tobillo_Der,92.48049300574043,87.1049773729737,230.17967655657608,-1.9558217022360607,-1.9243371256981447,-1.372004143471766,-0.8549794126804223,-0.832233049770778,-0.5916221344675026,0
2025-05-21 08:38:23.790,7,Codo_Izq,89.42853417195192,-9.783063675795024,200.7544882589017,-0.3793491438874699,1.6513792518461343,0.7258973514133785,-2.838176593591471,6.618255117894168,2.6368024116506024,0
2025-05-21 08:38:23.791,8,Codo_Der,83.0708089343929,-7.8049887363646,216.13217901014167,2.6078136827425356,-0.856662755383718,2.8661458189059297,11.888646407284229,-4.600036814442273,8.632426038588276,0
2025-05-21 08:38:23.792,13,Rodilla_Izq,90.90836406907832,46.25072691420053,205.71932035297365,0.07422633403978957,-0.6942658283165175,-0.4918692185797367,-2.8963101424690096,1.7215859688643076,-3.662543879619332,0
2025-05-21 08:38:23.793,14,Rodilla_Der,87.80302578599856,51.09158454803055,227.02721010086034,0.1919864989054851,-1.648513441193905,0.49865176055589044,2.4159633710764683,1.1317536803321617,6.2737161286382435,0
2025-05-21 08:38:23.795,15,Tobillo_Izq,95.38118815386203,78.9641312029754,203.45831555795036,-0.6036882608703837,-0.48920645904712495,0.22863177726645803,-3.0400888861593125,3.359014860657804,2.1553365172202654,0
2025-05-21 08:38:23.796,16,Tobillo_Der,92.44481717802152,86.73714868501972,230.1858757188951,-0.3966775176497004,-1.5232223195532095,-0.17131511487070272,2.1519937381062695,-1.0426602339775486,1.8138819792354939,0
2025-05-21 08:38:23.956,7,Codo_Izq,89.2076062639895,-9.894001452640586,200.4573740296397,-1.0273118576099762,0.2022446219725026,-0.8298239097391182,-4.274031623411163,0.926970012118951,-2.802639603074344,0
2025-05-21 08:38:23.957,8,Codo_Der,82.57084131863819,-7.588107835250333,215.92091183731173,-0.7634463016357822,0.3957653314659161,0.09431494763416132,-1.2344005887677412,0.4567897408329147,-1.002784622628047,0
2025-05-21 08:38:23.958,13,Rodilla_Izq,90.64761052497043,46.45798102697562,205.17511449500574,-1.1297767756369637,0.7954078068360364,-2.2656640606112037,-5.700467366104517,5.305398908040469,-8.622349630704326,0
2025-05-21 08:38:23.959,14,Rodilla_Der,87.82599569925681,51.90260987088128,227.91848389696773,0.2625077047774488,2.8497401068957933,3.6978063657548037,1.9153589317347155,13.955176725261348,14.960230412668135,0
2025-05-21 08:38:23.960,15,Tobillo_Izq,95.4506119712926,78.8988255093902,203.1866163920317,-0.010288964993952087,-0.06408130039162502,-0.819728873961324,-0.5112221990434733,2.9948969541966663,-1.9138309014818327,0
2025-05-21 08:38:23.961,16,Tobillo_Der,92.76959463085258,87.29008210900508,230.93765283505417,1.280170206670299,1.7825257037115472,2.829203291753958,6.48640528704235,8.78906281452564,10.884385699892054,0
2025-05-21 08:38:24.129,7,Codo_Izq,89.21607002579542,-10.246531742979602,200.50547638863537,-0.42713164894497063,-1.0452289031960398,-0.1642515423962306,-1.9584819684314296,-2.7886266884113655,-0.6402426379077526,0
2025-05-21 08:38:24.130,8,Codo_Der,82.48066788965316,-7.794547913843193,215.27363878307855,-0.4885043618764865,-0.5794769961027717,-2.154487353307586,-0.6755324161374373,-2.1512522358161426,-7.0066117498402924,0
2025-05-21 08:38:24.131,13,Rodilla_Izq,90.67830656467159,46.59544355131356,205.28059114571136,-0.4731927939423281,0.9418630888512115,-0.6026502741441881,-2.817435906852178,4.5691729354355175,-2.8233118744123162,0
2025-05-21 08:38:24.132,14,Rodilla_Der,87.57274205447294,51.70655247291428,227.49530141144868,-0.6436621900285217,0.7788593424829808,0.23565034485536138,-1.114670354784014,5.643586389625801,3.048850944680753,0
2025-05-21 08:38:24.133,15,Tobillo_Izq,95.28540479737892,79.25756916327843,203.29656634019207,-0.5732669481956795,1.3696929561930076,0.10191466483355291,-1.953224696006814,6.003489123593184,0.6817931165748008,0
2025-05-21 08:38:24.134,16,Tobillo_Der,92.45393883927116,86.76666954257571,230.1076058793747,-0.370864653137903,-0.8055318444462358,-1.499008600133207,0.6158375806887904,-0.12812332910561608,-2.837679393686102,0
2025-05-21 08:38:24.282,7,Codo_Izq,88.99240698459863,-10.064721107544099,199.99238756475796,-0.8981726413323524,0.04437433706022742,-1.564417563136481,-2.927709435744476,-0.12098354748245077,-4.071552647114421,0
2025-05-21 08:38:24.282,8,Codo_Der,82.82167672748379,-8.145802765781687,215.27741336105595,0.8025535551009391,-1.318849503211795,-1.0669297151603585,2.3471405111203563,-3.8495686568586565,-4.052140722719355,0
2025-05-21 08:38:24.283,13,Rodilla_Izq,90.52086749406001,46.67245511276632,205.53708160641546,-0.7829112122737054,0.8029253756316446,0.3722875944808259,-3.192380326151472,3.7141650887592252,-0.10147997361172534,0
2025-05-21 08:38:24.284,14,Rodilla_Der,87.55862588272872,51.94400207174217,227.47667913931917,-0.2907925859734106,1.3001025858608153,0.23175294928370518,-0.4220899321519913,6.022338610620134,2.4061949208802407,0
2025-05-21 08:38:24.285,15,Tobillo_Izq,95.30959450135809,79.69087832065908,203.4974469716428,-0.22378054637096037,2.043995653802399,0.6539496314936766,-0.9941802915782938,7.107437095460144,1.948452320490029,0
2025-05-21 08:38:24.286,16,Tobillo_Der,92.50434765332896,87.03795591684137,230.21553526280883,0.09294601486427093,0.5593504543505431,-0.2903168555078855,1.3284137290918305,2.6964867604926384,-0.19937557335785083,0
2025-05-21 08:38:24.430,7,Codo_Izq,89.17298601538128,-10.252867269974605,200.38747159140073,-0.045873330204998085,-0.4765673053014227,0.20436199034158145,-0.9878053162339093,-1.201227088090988,-0.30678746539960944,0
2025-05-21 08:38:24.431,8,Codo_Der,82.96078450269601,-8.496267736626567,214.66059503356405,0.7894552513885672,-1.6086172234435496,-2.225554186292214,2.308541133323813,-4.4672151212146884,-6.3548198806181535,0
2025-05-21 08:38:24.432,13,Rodilla_Izq,90.5936174350026,47.004510640400454,205.92150984074746,-0.30529347877234686,1.3872307795452403,1.094392226536214,-1.9343329964181708,4.667712895393368,1.7413255320338146,0
2025-05-21 08:38:24.433,14,Rodilla_Der,87.53117338325494,52.008000338274826,227.38474215901124,-0.19475867763634575,1.0347026981551,0.021259091404191896,-0.3066010113438547,4.920441421364815,1.5496173973210399,0
2025-05-21 08:38:24.434,15,Tobillo_Izq,95.32576078219225,79.83161363029456,203.56873515981962,-0.1053145715446605,1.5499882707496142,0.5383676484936488,-0.6553497509140153,5.7461226178223495,1.6798541364890245,0
2025-05-21 08:38:24.437,16,Tobillo_Der,92.4397005083384,87.06564082775517,230.04765139900402,-0.03493464602486682,0.4535663466428671,-0.5370533095717969,0.8071277661627565,2.2166848948391435,-0.8824411918050052,0
2025-05-21 08:38:24.587,7,Codo_Izq,88.87716378635835,-10.085401501614886,200.23282721152543,-0.7676640799642681,0.11759817011229413,-0.3057032335476941,-2.1944264216803706,-0.07813706855573455,-1.1056345431358614,0
2025-05-21 08:38:24.589,8,Codo_Der,82.67255338562511,-8.39165313535096,214.82957777261757,-0.19319510032032286,-0.68158696373397,-0.9023048717232913,0.3836712181446358,-2.665055799008395,-3.7462367376750505,0
2025-05-21 08:38:24.590,13,Rodilla_Izq,90.48568932695568,46.94672153999802,206.27683718424686,-0.5082804104630833,0.7282095496346074,1.3244618894449522,-2.091503610956082,3.2111342721855385,2.4472325895740905,0
2025-05-21 08:38:24.591,14,Rodilla_Der,87.56867150318911,52.205613760163374,228.1423421071995,-0.00698823951237382,1.2071042579626987,1.8525364357714857,0.007352429528652726,4.8072116831958365,4.758734665256138,0
2025-05-21 08:38:24.592,15,Tobillo_Izq,95.30209623993186,79.60400299115301,203.51985046509313,-0.14359270719375958,0.48743939168128486,0.21180981819682235,-0.6509854331147832,3.3782314034710152,1.0061766708798854,0
2025-05-21 08:38:24.593,16,Tobillo_Der,92.49213071943586,87.14500556976773,230.17446186650722,0.17312211181114515,0.5175798594274045,0.03078190486561917,1.0164312693408042,2.1321290798618118,0.08748173421741945,0
2025-05-21 08:38:24.734,7,Codo_Izq,88.79056546645464,-10.010096114766304,200.25505410326014,-0.6610212618731994,0.19552026135545889,-0.165258748661419,-2.018443479968088,0.1332112131937687,-0.8233396892453811,0
2025-05-21 08:38:24.735,8,Codo_Der,82.50623964500777,-8.316250005878901,214.85966303340552,-0.3882752523257036,-0.33138512578126045,-0.599607652472388,-0.12605460423185277,-1.9353282541398173,-3.0218691495212546,0
2025-05-21 08:38:24.736,13,Rodilla_Izq,90.4910657180718,47.03337165197042,206.02133885947262,-0.36004629068678023,0.7270777161211911,0.2003738117665329,-1.7256642116985934,3.017061533600947,0.7431729498713977,0
2025-05-21 08:38:24.737,14,Rodilla_Der,87.50668519708299,52.08825415209898,227.6275411520532,-0.12964541795790124,0.6271773974827521,0.06392907239191005,-0.2115084717249032,3.569516718468054,1.7596178558405913,0
2025-05-21 08:38:24.738,15,Tobillo_Izq,95.12833034469584,79.53020954369087,203.60195595863178,-0.4669362695116774,0.3144643232796677,0.33427281746053034,-1.1737857667241591,2.7287151133485166,1.1509761202187345,0
2025-05-21 08:38:24.739,16,Tobillo_Der,92.58941864880754,87.24144665539927,230.4155026056659,0.350859899073321,0.5763643202105437,0.5149099247277797,1.2355509459716665,2.1249092200043105,0.9322087109587915,0
2025-05-21 08:38:24.888,7,Codo_Izq,88.6230740899632,-9.961943892543479,199.9634257041711,-0.7584677837732057,0.18193315069283866,-0.6862074590842981,-2.141726465509372,0.1821666943049606,-1.5923702702307563,0
2025-05-21 08:38:24.890,8,Codo_Der,81.88487302369795,-8.04501302941232,214.58986868104387,-1.3371719405514892,0.20787685865423117,-1.0116394842667287,-1.8063052725577373,-0.8977909467704193,-3.4446975246178897,0
2025-05-21 08:38:24.891,13,Rodilla_Izq,90.51033268744611,47.28870778637985,205.90173578343965,-0.2592631082105266,1.036241498774274,-0.07891614723171167,-1.4386557810828855,3.337472951959885,0.2644347890940729,0
2025-05-21 08:38:24.892,14,Rodilla_Der,87.43855332228165,52.60127082485074,227.8517487500807,-0.19922432734372358,1.526883079923446,0.5984022734631328,-0.3482117186308624,4.689921484330247,2.339702552111023,0
2025-05-21 08:38:24.893,15,Tobillo_Izq,95.5301635944692,79.76567628581776,203.79418255522745,0.463102176566542,0.8052688211645787,0.596751020640938,0.29133641204501015,3.1914462506675316,1.5313924235467888,0
2025-05-21 08:38:24.894,16,Tobillo_Der,92.34799972969184,87.70201904022741,230.39561455905172,-0.2039315467160694,1.2835885171590151,0.2534010423236225,0.30360728357586686,3.163384126196063,0.5999240691980194,0
2025-05-21 08:38:25.111,7,Codo_Izq,88.56788092175822,-9.72579291961391,199.87380278425573,-0.5915864281868594,0.4731447471458469,-0.5618122591381774,-1.7608617810757234,0.6384448247075145,-1.3613705574939903,0
2025-05-21 08:38:25.121,8,Codo_Der,81.66666225626186,-7.670055674760812,214.77106044407128,-1.020144323322439,0.5894080121220031,-0.4340687412191779,-1.5323804771234704,-0.06484412060242672,-2.2989657961402625,0
2025-05-21 08:38:25.126,13,Rodilla_Izq,90.50470159432551,47.206068342144576,205.7985517675682,-0.2602620005084008,0.5933365267312277,-0.16761733289468694,-1.237378923381165,2.418946354325225,0.04545041795146379,0
2025-05-21 08:38:25.132,14,Rodilla_Der,87.36405372205856,52.638505046081,227.89819252348826,-0.23039859037167165,1.1115301713458636,0.545068323664726,-0.4026059204041954,3.7266254994609636,2.009594080431493,0
2025-05-21 08:38:25.137,15,Tobillo_Izq,95.49485501192551,79.87160427842734,203.78971806450213,0.132064899511046,0.8101946998189741,0.3688420186488104,-0.04790695152228164,2.847875432417685,1.1267121026538647,0
2025-05-21 08:38:25.143,16,Tobillo_Der,92.56231717644442,87.56490743949355,230.63535529051032,0.3195227105315992,0.5676592068888902,0.5506548583025085,0.9004628186814229,1.997660635795667,1.0043646630778262,0
2025-05-21 08:38:25.495,7,Codo_Izq,88.59774749345074,-9.861095857011888,199.94120473821707,-0.37699881948593417,0.022072192784454422,-0.2530063303802842,-1.1360713572843086,0.0539403445076404,-0.7432501952935175,0
2025-05-21 08:38:25.496,8,Codo_Der,81.56492789826837,-8.312520850876888,214.79691623002327,-0.5916164214333863,-0.7439643674719898,-0.44542135307038067,-0.8794691579138313,-1.4437227227124603,-1.7133087520470953,0
2025-05-21 08:38:25.497,13,Rodilla_Izq,90.57433698465341,46.90948438142228,205.92289556510283,-0.17155453482052804,0.14050414206334055,0.13953544412285734,-0.817036346252972,1.2896391516006394,0.3414723069731689,0
2025-05-21 08:38:25.499,14,Rodilla_Der,87.28346327574202,52.008127035269574,227.80338551365054,-0.21909996345313837,0.025871745177539072,0.3258204456858919,-0.340029721770734,1.5887457572468615,1.2803570530643213,0
2025-05-21 08:38:25.500,15,Tobillo_Izq,95.50064415842346,79.48769474493342,203.32042422045166,0.024334973370691904,0.14090649542068157,-0.352256588462797,-0.11459213746455474,1.3940224163960673,0.01661554024106482,0
2025-05-21 08:38:25.501,16,Tobillo_Der,92.66063422174935,87.39998433972617,230.6516271879228,0.34529154903495063,0.2358862886175281,0.2991774311701032,0.7511883740992725,1.144324786507752,0.5691628848648963,0
2025-05-21 08:38:25.683,7,Codo_Izq,88.69194527033085,-9.929350661432167,200.1233343861593,-0.17819176752699906,-0.07063364607855527,0.033554911301503135,-0.8554997644592854,-0.05737742041939835,-0.37498216152826225,0
2025-05-21 08:38:25.684,8,Codo_Der,81.43854183776153,-8.477390180510596,214.68328442750106,-0.5295606523483427,-0.7102617445382111,-0.5366644422770751,-0.8794691579138313,-1.4437227227124603,-1.7133087520470953,0
2025-05-21 08:38:25.686,13,Rodilla_Izq,90.48687994207407,47.16818016692806,205.7058172121175,-0.27931445277091366,0.5339707337327092,-0.17411483912463974,-0.879158775179222,1.607895644005604,-0.03682956463095394,0
2025-05-21 08:38:25.688,14,Rodilla_Der,87.02584128783865,51.96927029960684,226.5105041311863,-0.4654727717856666,0.13563582927944484,-1.352385445196543,-0.6596243841923098,1.4800191910731502,-0.8088632471531971,0
2025-05-21 08:38:25.689,15,Tobillo_Izq,95.70412029708322,79.73280754119074,203.6209972700575,0.25722770518874755,0.5282718581401141,0.22093884634181238,0.19037616104385283,1.6887632230892011,0.57262938961054,0
2025-05-21 08:38:25.690,16,Tobillo_Der,92.90474718488348,87.56284601040059,230.61452171548663,0.5513745792059219,0.4404573896400293,0.15302702153223224,1.003397263803519,1.2938567168791908,0.412517743077578,0
2025-05-21 08:38:25.861,7,Codo_Izq,88.69842950281881,-9.773028118558694,200.1242512052396,-0.16458722691486427,0.16305467549089486,-0.02232622014951883,-0.7736396182522368,0.2095023156797295,-0.37353632305437595,0
2025-05-21 08:38:25.862,8,Codo_Der,81.20061420676745,-8.398088969417552,214.93969514131533,-0.6477431844833484,-0.3812044536418027,-0.09906445973105289,-1.0821063650955314,-1.0829852564694558,-1.116396209091034,0
2025-05-21 08:38:25.863,13,Rodilla_Izq,90.48636759182746,46.93971010111043,205.70209587590375,-0.22347916923733002,0.12290523656878989,-0.09022653660648328,-0.7792471585555291,1.0582875080964895,0.00723179141056475,0
2025-05-21 08:38:25.865,14,Rodilla_Der,87.27922810276253,52.10191596092856,227.42213725835106,0.040608678791037106,0.3899011926430749,0.4607302863743346,-0.11402819849642354,1.612957485580423,1.0240154665990449,0
2025-05-21 08:38:25.867,15,Tobillo_Izq,95.65986366794407,79.71031167832507,203.87906812854914,0.08318172710081086,0.3950463632580392,0.497120818909821,0.043699326481593054,1.46228336867487,0.9014548945937624,0
2025-05-21 08:38:25.868,16,Tobillo_Der,92.76329449629678,87.60491971458835,230.49796912656421,0.18034048069748979,0.39609310388331553,-0.03587705182080901,0.6008134253826931,1.203457663146161,0.1759892911054153,0
2025-05-21 08:38:26.050,7,Codo_Izq,88.70649496832513,-9.862149565498413,200.13305369769432,-0.1470342739731478,-0.022354327119757062,-0.038748133549640726,-0.6871092955293995,0.006712001744565543,-0.3413416352181196,0
2025-05-21 08:38:26.347,8,Codo_Der,81.39795705556743,-7.966739118065076,215.42338725225196,-0.1464084332675495,0.28439544718548554,0.4773364876518913,-0.5265879102600527,-0.22545713136055168,-0.2590648673236674,0
2025-05-21 08:38:26.351,13,Rodilla_Izq,90.47653874276537,46.9835707173257,205.67976103213138,-0.19792697718572605,0.22804276666214338,-0.06950994032159855,-0.7037547075695101,1.0616383989923484,-0.0017951043560821955,0
2025-05-21 08:38:26.691,14,Rodilla_Der,87.207782291855,52.25450871849777,227.3918343823876,-0.0889761916231791,0.5526818651506613,0.2778768597325106,-0.24058720147423404,1.696318992455856,0.802248981527328,0
2025-05-21 08:38:26.861,15,Tobillo_Izq,95.65773411710747,79.74989577715074,203.69976997109194,0.03934162796595266,0.3885561556980337,0.08304337161713171,0.013247080126713447,1.3628455596197349,0.42732645809146386,0
2025-05-21 08:38:26.863,16,Tobillo_Der,92.70942917352859,87.65979759573437,230.52418224889044,0.07458518542100306,0.38135878845906407,0.03770826659866713,0.4392227445308555,1.136326778399489,0.22500629339476783,0
2025-05-21 08:38:27.024,7,Codo_Izq,88.6863959935735,-9.959562510657042,200.06545890281117,-0.1778597920079294,-0.08007161002032279,-0.1440912353798001,-0.34464186136426705,-0.05323949565318824,-0.240488601050533,0
2025-05-21 08:38:27.026,8,Codo_Der,81.510414928109,-7.824370037186598,214.6316945889424,-0.01914387430029083,0.0208202715363146,-0.8358122903612367,-0.1418272299706353,-0.2465898277410727,-1.1218278522789116,0
2025-05-21 08:38:27.028,13,Rodilla_Izq,90.51922422916931,47.055395636386855,205.76398800523086,-0.11946775519804974,0.31037676371014583,0.08399172343376739,-0.26973338653909784,0.5628761137543636,0.11451271170852345,0
2025-05-21 08:38:27.029,14,Rodilla_Der,87.51655854335982,52.26173729503599,228.32949154910662,0.2200572415771085,0.3727399857502096,0.9918444193234411,0.1474140507171157,0.6778365657318373,1.0190893870092719,0
2025-05-21 08:38:27.031,15,Tobillo_Izq,95.67866333533155,79.79745626777199,203.55585694774848,0.015790852918470745,0.34457690563887033,-0.025060456184582185,-0.0048173689419196385,0.6175137092474937,0.10157574945581338,0
2025-05-21 08:38:27.032,16,Tobillo_Der,92.35850804371226,87.05622476154613,229.83499393597367,-0.20186511410206326,-0.28480877796276527,-0.549427358397178,-0.0420456268005453,-0.017064633808818286,-0.4087257695081912,0
2025-05-21 08:38:27.203,7,Codo_Izq,88.53679796509935,-9.773293395810052,200.16485875572707,-0.2732232589097549,0.12669556389320513,-0.009652177537344297,-0.4429914228205663,0.12305687393338673,-0.12761610989431568,0
2025-05-21 08:38:27.204,8,Codo_Der,80.76650549694186,-7.856418206191424,215.35927537763013,-0.7253266368655162,-0.046174592913516506,0.11604763001763369,-0.7880103335110462,-0.27445634431799604,-0.33873550695038046,0
2025-05-21 08:38:27.206,13,Rodilla_Izq,90.48739486388948,47.02847808994052,205.67190578970704,-0.12316762275043432,0.20175240753392013,-0.029301747186922716,-0.2751666722977497,0.4829716865530129,0.019192225849356592,0
2025-05-21 08:38:27.208,14,Rodilla_Der,87.27998357546278,52.4358578892746,228.2982571068579,-0.08915211684698435,0.4366290553555351,0.6105025123297764,-0.09610053700060994,0.7625561041388986,0.8225702544556632,0
2025-05-21 08:38:27.210,15,Tobillo_Izq,95.56546225103779,79.28126418441869,203.29521648810513,-0.09857650051421642,-0.23413392708748465,-0.24726153423964423,-0.10630352430604188,0.10323659492850501,-0.1240665708629547,0
2025-05-21 08:38:27.212,16,Tobillo_Der,92.0797521403791,87.19500202224965,229.742217043466,-0.3741763444328709,-0.02293583847810715,-0.4245663629055284,-0.2539174033314173,0.14914584912984252,-0.3983908305087355,0
2025-05-21 08:38:27.371,7,Codo_Izq,87.87865257894771,-9.871487106735662,200.38196193577497,-0.8936840595213206,-0.026958522386906034,0.2148843298596791,-1.1058070885436087,-0.009615938298125168,0.11365447564480155,0
2025-05-21 08:38:27.372,8,Codo_Der,80.01603275051876,-7.7364969793728955,216.94590904350957,-1.2629601176149807,0.07654829096645165,1.7282782195373652,-1.4631976556300634,-0.13049845051418577,1.3809348274011954,0
2025-05-21 08:38:27.374,13,Rodilla_Izq,90.1997856362638,47.055796391562886,205.79686107477286,-0.4008713689088224,0.18366520618681265,0.12085724846793537,-0.5628572024972541,0.4682016285125156,0.16099483148073196,0
2025-05-21 08:38:27.380,14,Rodilla_Der,86.82077521840915,52.333129154811765,228.34347382016972,-0.5489871812264734,0.19476683663375347,0.4499942339034366,-0.5805657948111946,0.5579090587329935,0.7468161809823727,0
2025-05-21 08:38:27.382,15,Tobillo_Izq,95.18257930034865,79.21379306120068,203.56519268869593,-0.47301544329431394,-0.18339564517486268,0.14860494090626383,-0.5053735993896757,0.07095236023017933,0.21876391049567756,0
2025-05-21 08:38:27.383,16,Tobillo_Der,92.05177307720189,87.14555863384516,229.9214990608144,-0.25039834798935867,-0.04966279405788703,-0.06896178230919307,-0.21165962588669554,0.09696619001548504,-0.11786384588466592,0
2025-05-21 08:38:27.543,7,Codo_Izq,86.9608438023085,-9.800361521353386,201.10294936498593,-1.6607285864677204,0.07144099663190724,0.9869001451694598,-2.09709423982188,0.09079762637617367,1.017083914969288,0
2025-05-21 08:38:27.544,8,Codo_Der,79.13758068337201,-7.813193669993339,217.05298797295077,-1.832181928585682,-0.06794681224242444,1.1238085683370853,-2.3120057520621558,-0.2467911522107578,1.1052359878208098,0
2025-05-21 08:38:27.545,13,Rodilla_Izq,89.85263612422372,47.14573944543198,206.20428732083928,-0.6739478514787587,0.24692052687305588,0.5672788156661424,-0.9207974911004784,0.5366722095110028,0.6697788351606799,0
2025-05-21 08:38:27.547,14,Rodilla_Der,86.23074249309015,52.28828041932166,228.45214657591652,-1.0417255813151185,0.09906503408272557,0.4294992614672815,-1.2261259851074269,0.443743953013163,0.774480127782809,0
2025-05-21 08:38:27.549,15,Tobillo_Izq,94.77205691763264,79.62063723737359,204.01453610139015,-0.7801241007161429,0.4070727442395185,0.6374105809092112,-0.9319852133080391,0.6494934882680856,0.7756350641952138,0
2025-05-21 08:38:27.550,16,Tobillo_Der,91.94097512554963,87.20265412085638,229.77288196902902,-0.2788662289082084,0.05418098393684256,-0.22524882616821687,-0.29759763206244333,0.18188623724373032,-0.2966868569189769,0
2025-05-21 08:38:27.712,7,Codo_Izq,85.675496921571,-10.082990551971358,201.72073219691723,-2.6738687529120577,-0.3228541733061659,1.376836174538216,-3.5618210379723436,-0.3539575444378948,1.6729812748482042,0
2025-05-21 08:38:27.713,8,Codo_Der,78.79501003092447,-7.828196804633823,217.2586450104806,-1.5559759689953676,-0.07675157992522816,0.9173859384126598,-2.3120057520621558,-0.2467911522107578,1.1052359878208098,0
2025-05-21 08:38:27.715,13,Rodilla_Izq,89.10025129746873,47.25846036375304,206.72215519404367,-1.3911298143913111,0.3184054646888129,1.0108465320931097,-1.8604607166626759,0.631845525722516,1.2895280848740374,0
2025-05-21 08:38:27.720,14,Rodilla_Der,85.40536964552624,52.66521384778698,228.7093838749288,-1.6930964061909752,0.5804220976993807,0.6172474790962716,-2.17553988062484,0.9754459038035397,1.035346649022023,0
2025-05-21 08:38:27.721,15,Tobillo_Izq,94.74927927305151,80.38005947903484,205.13032815769466,-0.4977710090919753,1.2448058029451625,1.8300356447675254,-0.7481653174441897,1.6733033826007335,2.273733267789101,0
2025-05-21 08:38:27.723,16,Tobillo_Der,92.03755051161954,87.57475455501961,230.07350432371882,-0.03867701178650721,0.5264413457246758,0.25164422506257783,-0.07530548762389253,0.723337587153037,0.21856879182992384,0
2025-05-21 08:38:27.876,7,Codo_Izq,84.40553543884488,-9.818488220068755,202.83926541187145,-3.334738836166705,0.16836971562194958,2.3281320247688377,-4.831784200798918,0.1723458695886489,3.088096913204392,0
2025-05-21 08:38:27.879,13,Rodilla_Izq,88.0328593428868,47.28040485229097,207.57731397738235,-2.2842171148988757,0.24293815824962225,1.7610313381999878,-3.1841440658007176,0.5676262856668537,2.3824764394114615,0
2025-05-21 08:38:27.880,14,Rodilla_Der,84.27253948793208,52.786295483553964,229.12609276232544,-2.5471453461231053,0.5350486448094849,0.9571987309990514,-3.5174301947985764,0.9945251493939451,1.5252097445245982,0
2025-05-21 08:38:27.882,15,Tobillo_Izq,94.16561072780948,80.43894447844337,205.60173996859385,-1.0974752687838132,0.8358925883861149,1.7298427866878343,-1.548918318381511,1.3961483191370778,2.497966194105586,0
2025-05-21 08:38:27.884,16,Tobillo_Der,91.37720802714314,87.6352723088958,230.28985766655168,-0.916481567024802,0.40307331485103454,0.4331003239607887,-1.1399578514047104,0.6638498659604596,0.49859107063708763,0
2025-05-21 08:38:28.043,7,Codo_Izq,82.55207265386336,-9.5087483459475,204.44347777114672,-4.598431954406025,0.5235221059356412,3.6108064749599134,-6.961365260708384,0.654439458530186,5.116749889724528,0
2025-05-21 08:38:28.044,8,Codo_Der,75.41447511305498,-7.4284881045344715,219.5076087724171,-5.526530435932636,0.47851037756793147,3.5783232028117253,-7.352047813140197,0.4312276276865035,4.49972577370499,0
2025-05-21 08:38:28.045,13,Rodilla_Izq,84.59648575701976,47.193485711648755,209.2076115442596,-6.127801869927117,0.04964217615420706,3.3110357060627624,-8.383563693443973,0.33480422939492105,4.634941155524001,0
2025-05-21 08:38:28.046,14,Rodilla_Der,82.15727145462725,50.90872445025072,220.2172869554034,-4.460953100228753,-2.242338651129013,-11.694931738923783,-6.35488509668856,-2.4207904019980977,-14.152263655069556,0
2025-05-21 08:38:28.047,15,Tobillo_Izq,93.51474546314272,81.7017920453181,208.21964245083763,-1.5657783227915951,2.272193914601032,4.670433181098943,-2.3212727032383835,3.3025659721220455,6.460234907348419,0
2025-05-21 08:38:28.049,16,Tobillo_Der,90.78166121573231,84.86948727931667,220.83421492066122,-1.3644433023297282,-3.56236387508465,-12.79621620787439,-1.8783093627631968,-4.238083817553409,-15.94805424619013,0
2025-05-21 08:38:28.205,7,Codo_Izq,80.5362907533054,-9.004713184939897,205.97144783405662,-5.6585802842277095,1.0154914611082295,4.333147217831681,-9.076869687693595,1.3919618654513135,6.68756445780858,0
2025-05-21 08:38:28.206,8,Codo_Der,72.1426987440526,-6.835833510370481,221.85986388772628,-7.848131233842118,1.0870031991815199,5.379453269499344,-11.282306175674501,1.3101411259457627,7.454012114215688,0
2025-05-21 08:38:28.207,13,Rodilla_Izq,75.31597532443972,44.65855468082636,209.90164901127338,-16.689073183036843,-3.4941538269999692,2.9779018161230737,-23.075004269004076,-4.2433572397556985,4.805945327888795,0
2025-05-21 08:38:28.209,14,Rodilla_Der,83.31335156409934,50.710517813464584,223.75808370279327,-1.094513700044556,-1.567739464088639,-1.9164927692651879,-2.8244757535390352,-2.065115928927216,-4.039760231440775,0
2025-05-21 08:38:28.211,15,Tobillo_Izq,86.39729199408522,79.53815122656755,209.80664439358742,-10.927090719601312,-1.6413245245856498,5.044496573283541,-14.600590612768217,-1.3273964440665669,7.796005325443966,0
2025-05-21 08:38:28.213,16,Tobillo_Der,88.80627602500547,83.46283342463592,218.03149309364716,-3.5896689350004447,-4.056715130708482,-11.490344774713195,-4.985654593918598,-5.625837757300162,-16.872000807032723,0
2025-05-21 08:38:28.368,7,Codo_Izq,76.48133709005316,-9.211470471069113,206.75728990850206,-9.263962402978146,0.31654237537778385,3.7842697308095743,-14.669010837344684,0.6680442564123887,6.674301330511795,0
2025-05-21 08:38:28.377,8,Codo_Der,67.99007082716852,-6.631480946338676,222.46127166186227,-10.602049152635466,0.9244430680627694,4.092656009352533,-16.193911800873597,1.3286584862464508,6.784357454121444,0
2025-05-21 08:38:28.379,13,Rodilla_Izq,66.74239179480223,45.532605886996755,210.52404092242287,-22.17587185496702,-0.8069076404478579,2.737266103569963,-33.37846325183621,-1.4642011275562026,4.944394902318935,0
2025-05-21 08:38:28.380,14,Rodilla_Der,83.33490799861134,49.95394511868905,226.6548353165952,-0.7521832247351827,-2.00427847497592,2.8181626038542613,-2.3851197941838995,-2.9449747268988773,2.010401349067484,0
2025-05-21 08:38:28.382,15,Tobillo_Izq,72.45595190492418,81.19639027186763,211.07440524060365,-26.26560318375537,1.4513060378057936,4.906331726220091,-36.80615262102886,2.2759921464014736,8.434907368024916,7
2025-05-21 08:38:28.385,16,Tobillo_Der,90.16252688639658,84.55536894748631,223.61385584051305,-0.23944619874778947,-0.8931930263823159,0.9043805589782692,-1.2650745771303504,-2.23785120447911,-2.638203214275407,0
2025-05-21 08:38:28.542,7,Codo_Izq,68.41628227552968,-8.441626188111245,205.55351130746575,-17.144606233962477,1.3068451481887553,0.6627375995715846,-26.417023413947128,1.997911973352572,2.9600922082860666,0
2025-05-21 08:38:28.543,13,Rodilla_Izq,57.90743325913847,47.46230242061043,210.7183797881929,-25.946367630344653,2.238329469687573,2.008652967003452,-41.779716195313355,2.487883675965374,4.265456645117032,0
2025-05-21 08:38:28.545,14,Rodilla_Der,80.50795285892141,50.09085764923112,227.67524043175658,-4.607052835326955,-1.0050124406805074,2.927041416884169,-7.405870260868967,-1.9401240630043413,2.9491240492739457,0
2025-05-21 08:38:28.546,15,Tobillo_Izq,59.25336061340232,83.45836228473068,212.70742577902345,-34.358650287138865,4.1063587229971095,5.3878100013399735,-52.005750691141394,6.002398947769141,9.655985269789072,100
2025-05-21 08:38:28.547,16,Tobillo_Der,90.73186088260427,84.97165584025534,227.53906470747998,0.5759801052772404,-0.034753467284459626,5.735273600097719,-0.07458039044917264,-1.092546015350578,4.550864354347425,0
2025-05-21 08:38:28.709,7,Codo_Izq,57.38464745479064,-8.239858978982353,202.6207324627586,-26.230689727543336,1.0852518237826567,-3.5951228061917724,-41.278579361753295,1.914205571872156,-2.913039600461651,5
2025-05-21 08:38:28.711,8,Codo_Der,55.39990791501323,-6.761976459390629,218.2125305916308,-24.325679835077338,0.3727200862958938,-3.4635157541705204,-35.858664253525816,0.7661102197246451,-2.541786348309852,0
2025-05-21 08:38:28.712,13,Rodilla_Izq,49.436992638601204,48.1762920517366,209.32872160037311,-28.126793351206363,2.2943785977813693,-0.6434780136442038,-48.562720983668605,3.0707326926565477,0.8686185533732842,0
2025-05-21 08:38:28.713,14,Rodilla_Der,67.54519398494857,46.83588167097644,217.53728938232138,-21.356000097700086,-5.300212886205893,-12.839351014635907,-30.429168852010328,-7.767404242999428,-17.362101947295788,0
2025-05-21 08:38:28.726,15,Tobillo_Izq,50.42489399233787,83.97915836813819,211.4818266167398,-33.51399322982999,3.2217441356465115,1.6737098232842533,-56.52837947449571,5.531135400307972,5.35574554421654,100
2025-05-21 08:38:28.728,16,Tobillo_Der,86.14212088011155,81.50692346810925,229.2960053667155,-6.295326044488248,-5.069513277584796,5.598639233009129,-8.994823834276122,-7.649771375071915,5.954515798782852,0
2025-05-21 08:38:28.880,7,Codo_Izq,41.63489766958254,-8.573172901025256,198.6302625108707,-38.56398662790111,0.2066572061052597,-7.635885662389196,-61.699160246065745,0.8693402351695361,-9.292161206601264,100
2025-05-21 08:38:28.889,8,Codo_Der,39.63163868488686,-5.91116043646776,206.0639550246895,-37.118714609107464,1.457976916764472,-19.140137973467066,-56.81236767065094,2.2314522473059917,-24.29405531431354,100
2025-05-21 08:38:28.891,13,Rodilla_Izq,40.74860927087866,48.10768112091482,206.55878761021367,-30.04347500738394,1.250730046552437,-4.1709090224414975,-54.655028301151816,2.1055614301446486,-4.243980948059065,0
2025-05-21 08:38:28.892,14,Rodilla_Der,43.60411825287923,46.24239896001103,217.74120654230285,-46.991572496625224,-4.031616490600519,-7.274243615400814,-68.41032292367409,-6.957426674957488,-12.300403571503125,0
2025-05-21 08:38:28.894,15,Tobillo_Izq,43.82040605582868,82.78011441463245,207.52758680928687,-30.30360283865298,0.2987475875688153,-4.366450048927381,-56.65549860079312,2.032673675168865,-2.9029832884249336,100
2025-05-21 08:38:28.896,16,Tobillo_Der,60.07022747321516,76.70048709542466,219.75652869665578,-41.05995834245444,-9.942568743716974,-10.508890896523187,-56.561432183488435,-14.976910491483958,-14.284815505749615,100
2025-05-21 08:38:29.056,7,Codo_Izq,26.04649924701162,-8.661483960605004,196.59258827591887,-45.78477426835226,0.05446276185501473,-7.2705038857717295,-76.59110640237262,0.6053909903056683,-10.327687570499508,100
2025-05-21 08:38:29.057,13,Rodilla_Izq,34.2801225321107,49.66184979357148,205.8967475032534,-28.22803406513107,2.9936344808769104,-3.2426780937230713,-55.23693175800591,4.585090007761426,-3.974352783147881,0
2025-05-21 08:38:29.058,14,Rodilla_Der,21.93106648898612,48.681993954279925,219.69092882717374,-58.92972338812648,0.9757811460120681,-1.7169579038657625,-91.86535944635615,-0.7391631036512791,-5.764321032889876,78
2025-05-21 08:38:29.059,15,Tobillo_Izq,41.70448956775703,84.64898744615596,209.99532461716765,-22.3288195774189,3.0098468092434385,1.277279576294234,-48.78987069181526,5.435357761562772,3.361045141414426,100
2025-05-21 08:38:29.059,16,Tobillo_Der,25.10152772116529,81.45203646603574,223.2992258746356,-74.06918582265224,0.8205068593595891,-1.0898171299858856,-107.72308959239771,-2.1187644233371348,-3.561674599723556,100
2025-05-21 08:38:29.207,7,Codo_Izq,12.809967118343422,-8.122406387196392,197.3075373939159,-47.98332299683037,0.8525328279961615,-3.42096067103078,-87.1587849818896,1.6103736125630554,-6.643956839755003,100
2025-05-21 08:38:29.208,13,Rodilla_Izq,26.926902696361775,49.68784158656214,205.88344554448054,-29.138679398012478,1.8971264938255383,-1.945518657475132,-60.03096720571065,3.6754603257757137,-2.981954354849839,0
2025-05-21 08:38:29.209,14,Rodilla_Der,5.8398533629455684,51.99051699760869,222.19953592408726,-59.80815166163952,5.147790046299981,2.2487817813628626,-103.7986412305992,5.34036922692891,-0.33618909524088103,100
2025-05-21 08:38:29.210,15,Tobillo_Izq,38.74587732044277,84.20600403381252,211.37589451524892,-19.407557181215306,1.3086521461674976,2.8962584263514857,-46.99212772357116,3.6034765117576724,5.56865726104703,99
2025-05-21 08:38:29.211,16,Tobillo_Der,1.8273212166941786,85.58728219930575,225.4501275008162,-78.85359312487033,6.134294408347492,2.2362992760222973,-128.73558053118623,5.620392255557519,0.952782189845971,100
2025-05-21 08:38:29.360,7,Codo_Izq,-0.2562225704218086,-7.824267404264023,198.9007402285288,-49.705109034040575,0.9841242767503527,0.06764628435371794,-96.22100419274376,1.898272261696755,-2.371056680761588,100
2025-05-21 08:38:29.361,8,Codo_Der,33.25472266808272,-5.660683901023951,202.83480364711602,-32.09615928391385,1.260690000502136,-16.012157585616162,-56.81236767065094,2.2314522473059917,-24.29405531431354,100
2025-05-21 08:38:29.362,13,Rodilla_Izq,9.448114389805777,48.37535380708805,207.22981156280738,-44.62604041909671,-0.6585216280334,0.7471590149704181,-83.92852174607322,0.47201950227812617,0.28589178578300434,1
2025-05-21 08:38:29.363,14,Rodilla_Der,-5.906847559248031,51.195090566968176,215.1698676125183,-54.953044446402046,1.792783902067731,-9.119536713444376,-106.37877211627334,2.1324842281766077,-14.66902054620095,100
2025-05-21 08:38:29.365,15,Tobillo_Izq,28.527370939856247,79.61298485731122,212.57287095239232,-28.299740371765115,-5.6891714807738625,3.6183720421041747,-59.98083832890275,-5.8010647884642195,6.902485393917054,100
2025-05-21 08:38:29.366,16,Tobillo_Der,-8.402374022754968,87.31955375558933,226.2597224249071,-64.1161699992036,5.943982705195926,2.325167222187803,-122.10085658589497,7.026060987841427,1.8366730184757405,100
2025-05-21 08:38:29.520,7,Codo_Izq,-11.86803753187736,-7.130209703733896,199.2398922796752,-49.10126747977722,1.6467736467443843,0.30357835362686186,-100.98099852995747,2.9032037840645906,-1.6674388993602927,100
2025-05-21 08:38:29.521,13,Rodilla_Izq,-14.518632639841998,46.728568102727245,207.0770677325449,-63.55411845227553,-2.6593143512522373,0.15357175519138413,-114.82786172011907,-2.5635850100595032,-0.2554503795195122,100
2025-05-21 08:38:29.522,14,Rodilla_Der,-12.548084389953509,52.830156335342444,219.5244481762548,-45.27062794890849,3.415429687500471,0.70434243294816,-99.48571893443506,4.723651265006875,-2.8957925958408275,100
2025-05-21 08:38:29.524,15,Tobillo_Izq,0.7145343357497609,80.27545439110641,212.54649589319854,-59.28512231216173,-2.2360436153763943,2.2967743689513234,-104.15109419891317,-2.570032459062541,5.541614016243965,100
2025-05-21 08:38:29.525,16,Tobillo_Der,-12.768908572247321,90.05500290612312,226.59028677739818,-47.71077182715572,7.4127404903835705,1.7387704269305586,-107.47448974126524,10.349889023403072,1.7091506575923165,100
2025-05-21 08:38:29.675,7,Codo_Izq,-23.469909979327127,-6.85159788130547,198.21550445353768,-49.38154041385437,1.4509915275859275,-1.5022807732945327,-106.46386227150477,2.8807033823214856,-3.740183154483817,100
2025-05-21 08:38:29.677,8,Codo_Der,4.838692207897282,-7.049680265799993,200.85862585237524,-61.554443892731584,-1.206099053393325,-12.691267048363514,-101.19709251756139,-0.9103653492721615,-22.74062830360788,100
2025-05-21 08:38:29.678,13,Rodilla_Izq,-33.83558041179975,47.06845353247488,206.06829967999005,-68.74635813750675,-0.997644158808291,-1.4221628266177635,-130.7775184499195,-1.020516754103028,-2.284996363019814,100
2025-05-21 08:38:29.678,14,Rodilla_Der,-17.851893244825323,53.739239004328354,221.598520495256,-38.24168801476979,3.3746027513542627,3.096341141493824,-93.75815956967618,5.3606971183985594,1.0463990638488685,94
2025-05-21 08:38:29.679,16,Tobillo_Der,-14.542960070422785,90.74622250201243,226.59204780101442,-34.97512292772625,5.462948333767385,0.9820870534858259,-93.85391965932888,9.203215957677376,1.1410251569394139,100
2025-05-21 08:38:29.823,7,Codo_Izq,-33.25748423659733,-6.872285110956524,197.02289474210744,-47.52239567929445,0.9231103925682067,-2.800445790103341,-109.08604896429115,2.3505895791723708,-5.5871129284185415,100
2025-05-21 08:38:29.824,13,Rodilla_Izq,-47.44107018935379,49.3639644603757,204.72972875524223,-64.6027184763721,2.7911364791781335,-2.848196396717046,-134.7666588301724,3.8559698873294845,-4.477115969744686,100
2025-05-21 08:38:29.825,14,Rodilla_Der,-24.815120598166704,51.77497817943909,221.8148641752839,-36.8888197161966,-0.7772024425145803,1.9050885980188823,-94.31824170948096,0.34955538454762536,0.54360044522241,95
2025-05-21 08:38:29.826,16,Tobillo_Der,-17.256679718140674,87.88588817735726,226.7865306137099,-29.093303083398617,-0.7441986342240999,0.8594300681029571,-86.92819621802386,1.7143848190437794,1.2140536385440113,100
2025-05-21 08:38:29.969,7,Codo_Izq,-43.10671591541066,-7.951056041274337,194.65295701141793,-46.98516946300658,-0.9388601750764823,-5.33295392227263,-112.5572600767771,-0.13796517993531188,-9.404068273200538,100
2025-05-21 08:38:29.970,8,Codo_Der,-5.250970862997812,-7.23589711093026,198.75826409778955,-53.452866730920526,-0.9375103039563895,-11.213015745033717,-101.19709251756139,-0.9103653492721615,-22.74062830360788,100
2025-05-21 08:38:29.971,13,Rodilla_Izq,-54.89028884098922,49.06866724549032,200.72630913845296,-53.94718109173862,1.250954251684266,-7.667004316530829,-127.84570833274852,2.3596988010858864,-11.58478624516971,100
2025-05-21 08:38:29.972,14,Rodilla_Der,-36.10435648986093,48.1659549501413,214.57718693602578,-42.67678551183253,-5.664436857967007,-9.695538701422517,-104.12422672631324,-6.6783562328539094,-14.56498281824936,100
2025-05-21 08:38:29.973,16,Tobillo_Der,-27.20590531891038,82.60218377407789,223.63555520871634,-36.28575993607357,-7.998001403536008,-4.121785351189875,-96.49256916040015,-8.716202277678784,-5.393418529265108,100
2025-05-21 08:38:30.120,7,Codo_Izq,-53.955928536012905,-9.579971151405786,192.72102473803463,-48.44325968910835,-2.8711282071530944,-6.2359211673915365,-117.54137603042948,-3.1465909859131767,-11.466653065567385,100
2025-05-21 08:38:30.121,13,Rodilla_Izq,-59.47041906831982,48.93830127699598,198.82087761827765,-43.83549866981512,0.6124372190207021,-7.501985376304368,-117.64678488338822,1.6580345775856407,-12.828606060925754,100
2025-05-21 08:38:30.122,14,Rodilla_Der,-49.29107239645143,48.029669635265186,205.6731728741484,-49.10292702313462,-3.4927993621225064,-19.095067264141736,-115.35708388174704,-5.065547512840055,-29.29397512134119,100
2025-05-21 08:38:30.263,7,Codo_Izq,-63.230773035229284,-10.120973117783032,192.07997709362579,-47.38270379839247,-2.4715354308139243,-4.967230783608385,-119.91651450851886,-3.3490070737529165,-10.720220708983247,100
2025-05-21 08:38:30.264,13,Rodilla_Izq,-61.62311450642383,48.210989425909055,198.00675849458324,-34.559872604284315,-0.641422543603989,-5.957600401955086,-106.82646776558572,-0.039169647078981074,-12.038304971718953,100
2025-05-21 08:38:30.265,14,Rodilla_Der,-60.99470058905608,47.49492997176681,203.07042174424305,-51.12859466012969,-2.928222874754901,-15.667728816933664,-122.5423177804819,-5.034216887374349,-28.434991591130032,100
2025-05-21 08:38:30.432,7,Codo_Izq,-70.88362958283535,-9.857084620268877,193.96502022293956,-44.29002502124698,-1.0442604890467775,-0.4750901094016668,-115.74431540304519,-1.8660790940805447,-4.867159138644333,100
2025-05-21 08:38:30.433,13,Rodilla_Izq,-64.58555122776079,48.043197125229405,198.3575272936838,-30.294478799756778,-0.5411858607018086,-3.325274955909611,-97.89124984798474,-0.15924535906548487,-8.929536782303515,100
2025-05-21 08:38:30.434,14,Rodilla_Der,-70.11174306463461,48.854839825464715,202.84318727203058,-48.40178392566754,0.21366085021085932,-10.138693295662542,-119.9875318152472,-1.1149512207958496,-22.692690597539162,100
2025-05-21 08:38:30.580,7,Codo_Izq,-75.56162014120328,-9.355473815913072,197.3275479816136,-38.34081684840428,0.07604184865847538,4.3144828950665275,-109.29995826715792,-0.4939356357624409,2.195940549582482,100
2025-05-21 08:38:30.582,8,Codo_Der,-14.311347677198615,-7.38526193114167,196.84093843430858,-47.94349284476125,-0.7509530976687401,-10.21458321584334,-101.19709251756139,-0.9103653492721615,-22.74062830360788,100
2025-05-21 08:38:30.583,13,Rodilla_Izq,-71.3119390395762,47.86550578711601,200.44660418156303,-33.07925256642195,-0.5365561443533193,0.706963704469409,-100.20823833027752,-0.3527198212700491,-3.497196736167549,100
2025-05-21 08:38:30.583,14,Rodilla_Der,-75.09261616725533,48.673498393007044,202.1710936275491,-41.13580407115356,-0.2631540545376323,-7.853934320213505,-112.82413291221997,-1.52165997987788,-20.494761406504978,100
2025-05-21 08:38:30.584,15,Tobillo_Izq,-32.58032855895084,80.44181161102894,209.9111866782838,-86.42362503350404,-1.0626615244731141,-2.253718136812763,-150.2768932414985,-1.528316561281125,-0.46307554004375007,100
2025-05-21 08:38:30.585,16,Tobillo_Der,-55.222663227797966,84.92900687246016,225.1986303442626,-67.37532808777472,-1.1550707128809616,-0.1351503246101796,-140.20604938015754,-1.393451658078333,-0.8615181044650102,100
2025-05-21 08:38:30.728,7,Codo_Izq,-79.05620608608584,-9.044817238074788,200.10306571674474,-33.16363517345325,0.45312798582260577,6.3739936618185835,-102.4219463053902,0.12546365532145354,6.488204816914292,100
2025-05-21 08:38:30.730,13,Rodilla_Izq,-79.23813876134287,47.432138821224555,201.76881010896116,-36.397757503992324,-0.9301788998149606,1.9908666957583838,-104.12225129053672,-1.0639641061687424,-0.9452190522461819,100
2025-05-21 08:38:30.731,14,Rodilla_Der,-78.44631931834479,50.86279331705367,209.47952998269034,-34.607038926132965,2.980553358586881,5.248221579907913,-104.7398554626312,3.04029691588232,-2.8221512190261606,100
2025-05-21 08:38:30.732,15,Tobillo_Izq,-60.07449339292239,81.54018867527974,208.83243021990455,-95.24642696335621,0.9677776641544057,-2.7128089007979437,-176.32675538426167,1.0134902098622938,-1.9407363324839386,100
2025-05-21 08:38:30.877,7,Codo_Izq,-81.74616202071424,-9.532682957789358,202.07916912792172,-28.86797254567924,-0.49623560121690374,6.553724943498843,-95.48446465961804,-1.01141238409982,8.433538582045207,100
2025-05-21 08:38:30.879,13,Rodilla_Izq,-84.9631132226205,48.35779489753433,204.72987911657708,-35.06984580794287,0.8352160920399274,5.264559703471928,-102.35714193300876,1.1333189729891961,4.514997474812786,100
2025-05-21 08:38:30.880,14,Rodilla_Der,-80.2164466739694,52.44000564325946,218.10068083370922,-28.397256709244466,4.034606610537284,15.059262148909685,-95.43216367308476,5.283277495093781,13.243839389397579,99
2025-05-21 08:38:30.881,16,Tobillo_Der,-72.47814818996939,86.81089702759205,225.6826169932851,-70.19071124262317,2.121587283538873,0.5788446668075053,-151.716103376966,2.828682170319027,0.18647946611278,100
2025-05-21 08:38:31.025,7,Codo_Izq,-84.21559473589659,-8.69014211524856,202.69305309321413,-25.858759610582744,0.9273364442755999,4.797069960974475,-89.69175634888951,0.8884855893267549,7.52284503987389,100
2025-05-21 08:38:31.027,8,Codo_Der,-43.542552911967526,-8.943626711464116,206.00973928420174,-75.21127959080907,-2.749830868000992,6.685288255601253,-143.9239875196318,-3.827080801604262,-0.5827313299859078,100
2025-05-21 08:38:31.028,13,Rodilla_Izq,-86.88088263212356,49.465315627687524,206.45354902852137,-28.616356534519053,2.14819017264882,5.48802241023644,-93.40535127428711,3.1261472084151753,6.356604888953882,93
2025-05-21 08:38:31.029,14,Rodilla_Der,-80.07387920056507,53.7361441671525,223.46470338878612,-21.740910384610025,4.327594046403326,16.372160218963614,-84.42792855644245,6.60308634590704,19.393102840142944,6
2025-05-21 08:38:31.030,16,Tobillo_Der,-79.40161131235983,86.97952705476592,222.37177620641936,-57.23511909533248,1.5165545961469207,-4.635635387033307,-141.31409410271738,2.470140346052162,-6.777050540582798,100
2025-05-21 08:38:31.176,7,Codo_Izq,-85.29537622524055,-8.287494471531382,202.54550272654612,-21.84454103907212,1.119858523060721,2.7271781457771955,-81.82244643605655,1.4083085793523127,5.5604719807426015,100
2025-05-21 08:38:31.177,8,Codo_Der,-56.496380139320046,-9.400975407502168,207.0095870662077,-67.8150430354762,-2.3281910164847903,4.618291779911621,-143.9239875196318,-3.827080801604262,-0.5827313299859078,100
2025-05-21 08:38:31.178,13,Rodilla_Izq,-86.79922321146591,49.96808406030982,205.9432793585638,-21.75333332095717,2.0477375825661297,2.411896859972971,-82.20987918090088,3.421921511274993,3.4622985927433327,0
2025-05-21 08:38:31.179,14,Rodilla_Der,-77.83156818075706,53.00746131945672,218.27905940266993,-14.468267846754372,1.5562461011957913,1.7725067821424672,-71.12860191432844,3.613213956101414,3.2208765207812178,0
2025-05-21 08:38:31.180,16,Tobillo_Der,-81.41921323297346,86.28561973562294,217.49012621074337,-42.73157325460029,-0.0946753836704036,-10.081789967999272,-124.46538356213024,0.5178113881946633,-15.215325044351925,100
2025-05-21 08:38:31.327,7,Codo_Izq,-84.86674257769812,-8.563831153159871,202.40831693128422,-16.99283486401736,0.2450506787511411,1.584217799989308,-72.26025661281493,0.46063548641684027,4.303558157385141,100
2025-05-21 08:38:31.328,8,Codo_Der,-68.67794585704047,-9.180263221569687,211.03074811745114,-63.135947998960965,-1.1184174462170648,8.126223001720282,-144.56895490079467,-2.569352654365736,6.225246251311392,100
2025-05-21 08:38:31.328,13,Rodilla_Izq,-85.97291451991428,50.44059578549829,204.97240553219987,-16.391078140190075,1.9806138299208318,0.005793695278361754,-71.84987901141416,3.678154371378923,0.6393171531344826,0
2025-05-21 08:38:31.330,14,Rodilla_Der,-75.8380486662604,52.50788548727488,214.83251643008023,-10.207500477564436,0.3150782933586095,-4.009533404449754,-60.887095848870175,2.0201374714304445,-4.484564623698651,0
2025-05-21 08:38:31.331,16,Tobillo_Der,-81.02080798936885,85.36657312203225,213.45317097812554,-30.7426408302224,-1.368935721285044,-12.156287517148936,-107.48921246605143,-1.3538840794000706,-20.031367417215776,100
2025-05-21 08:38:31.475,7,Codo_Izq,-83.46708360060032,-9.281273098450377,202.47478168333473,-12.367307324413227,-0.9116948465991298,1.2341229095879747,-62.58513883501574,-1.0987787751872262,3.861145522149012,100
2025-05-21 08:38:31.476,8,Codo_Der,-79.61053364464428,-9.37401982859545,212.3021590280048,-59.178670317651175,-1.0491866791341842,6.3335569957814055,-144.56895490079467,-2.569352654365736,6.225246251311392,100
2025-05-21 08:38:31.477,13,Rodilla_Izq,-84.94577546478922,50.14355929439139,204.83093767369957,-12.598301303140532,0.8277109651679385,-0.15226904501831828,-63.132709863532135,2.38215048015911,0.33241078479088837,0
2025-05-21 08:38:31.478,14,Rodilla_Der,-74.40945770835458,51.746112527847124,213.06960587533476,-8.078962670228213,-0.8080541265570043,-4.941004161316256,-53.47343844559094,0.3131756428819683,-6.786569394582985,0
2025-05-21 08:38:31.479,16,Tobillo_Der,-79.2460766225246,83.85336598971789,209.7299686720583,-21.473558830264846,-3.0299592620969067,-13.125195066097902,-92.05196238960227,-4.019112880463829,-23.536032952693372,100
2025-05-21 08:38:31.623,7,Codo_Izq,-81.64917380753484,-9.759078619290193,202.7858429028964,-8.682451455455986,-1.2450922548767096,1.3923684350779788,-53.64416036639926,-1.7785486941538244,4.036535990528467,100
2025-05-21 08:38:31.624,8,Codo_Der,-89.99246445448995,-9.558151621732414,213.31132024658018,-56.45284004696385,-1.001511826280732,5.080596836815998,-144.56895490079467,-2.569352654365736,6.225246251311392,100
2025-05-21 08:38:31.625,13,Rodilla_Izq,-84.0083510402384,50.38707415089945,205.3803233285438,-10.154242163794656,0.9677324060798133,0.7756993546651764,-55.92075488124603,2.5762941642485004,1.5020409643167567,0
2025-05-21 08:38:31.626,14,Rodilla_Der,-73.24701102214684,51.48086994153251,210.86294240117155,-6.8108935305594445,-0.7548885191696086,-6.249595684580746,-47.39872375806259,0.007148432543389149,-9.663875318978555,0
2025-05-21 08:38:31.627,16,Tobillo_Der,-77.6750958459264,83.20938400459981,207.55981399264945,-15.984449380072148,-2.7621377445939492,-11.57685785735773,-80.15357436291734,-4.3276080918133815,-23.4568718312142,100
2025-05-21 08:38:31.773,7,Codo_Izq,-79.78826668318143,-10.086411988815074,204.01302734544876,-6.090060693905377,-1.2381847062220375,2.850223135245756,-45.88673982338687,-2.0267465402113864,6.039921600800646,70
2025-05-21 08:38:31.774,13,Rodilla_Izq,-83.32589282331496,50.472383834587426,206.2176601207957,-8.750111971694045,0.8153667692525679,1.7512878335831568,-50.08260897512995,2.3933054972411245,2.9518756775992214,0
2025-05-21 08:38:31.775,14,Rodilla_Der,-72.34948705382331,51.387889975906674,209.08550554502574,-6.085434384709187,-0.49754660152677427,-6.480495879186273,-42.3480467546296,0.04872218601448116,-11.16941862328072,0
2025-05-21 08:38:31.776,16,Tobillo_Der,-76.06108959109727,82.50918687716005,205.59139507239098,-12.271410911273742,-2.7419014313588512,-10.518877355722609,-70.02223387912365,-4.816482975753202,-23.39023749174379,100
2025-05-21 08:38:31.920,7,Codo_Izq,-77.63694631372279,-9.778881106142439,205.3536567950584,-3.703030723622501,-0.31150431237586823,3.8943455235661824,-38.5743983348143,-0.9712800355264026,7.801570981349261,1
2025-05-21 08:38:31.922,13,Rodilla_Izq,-82.65002322379992,50.89487878525371,206.27221130996233,-7.546944882673407,1.2301254720870218,1.178683964389495,-44.90887890355333,2.962692678807967,2.4660216872125877,0
2025-05-21 08:38:31.923,14,Rodilla_Der,-71.85216974415398,51.40001191547706,208.32171304092915,-5.861823768173576,-0.21645633041562934,-5.221797210450381,-38.525282407584925,0.22380251259949843,-10.524179072625625,0
2025-05-21 08:38:31.924,16,Tobillo_Der,-74.67188429638932,81.96583418678067,205.05010537965072,-9.904275506058777,-2.5459499503966856,-7.8900905358474835,-61.8531332481181,-4.995451900876418,-20.782812935770018,100
2025-05-21 08:38:32.068,7,Codo_Izq,-75.044812321698,-9.745333255123947,206.81160578240357,-1.261960099706589,-0.18378477841753116,4.72435092110565,-31.225383517409895,-0.7851646242402985,9.448143013208314,0
2025-05-21 08:38:32.069,13,Rodilla_Izq,-81.91312578811588,51.243045808193,205.97437188532876,-6.427917011734018,1.3678380230844625,0.3347693346635572,-40.07500587793292,3.2396212907059283,1.4362187181703354,0
2025-05-21 08:38:32.070,14,Rodilla_Der,-71.19954685672633,50.992936802362735,206.94289996085732,-5.190117759132129,-0.6924409400353382,-5.479525025344849,-34.522985201615306,-0.5555916999255283,-11.541293441096855,0
2025-05-21 08:38:32.071,16,Tobillo_Der,-73.05282893281125,80.7871757094079,203.93446454958863,-7.713743618446269,-3.416748298379819,-7.258664504124013,-54.091751890899936,-6.541013826818417,-20.211533780606,100
2025-05-21 08:38:32.215,7,Codo_Izq,-73.05252768424667,-9.726492939079101,207.82364070106547,-0.3367731760330791,-0.12819178004165965,4.601169785176875,-26.022796793992587,-0.6727173895995717,9.892093103731701,0
2025-05-21 08:38:32.217,13,Rodilla_Izq,-79.07656290863655,48.862136102653814,206.1783031108376,-2.3218789753397666,-2.6228532163761544,0.5903234668934811,-31.356798082253203,-2.1724473491803353,1.7239265999696758,0
2025-05-21 08:38:32.218,14,Rodilla_Der,-72.14963446756182,49.13964194765697,205.78701339205386,-6.908672531623938,-3.1521364319269796,-5.3604530365000835,-34.13592459169405,-4.164857960214697,-12.006107174027353,0
2025-05-21 08:38:32.219,15,Tobillo_Izq,-72.20000664157419,81.31343743544079,205.01971924306994,-79.22253049472066,0.22014536046307207,-7.111984666796738,-168.66767333490745,0.24662936000052638,-8.785196403431504,100
2025-05-21 08:38:32.220,16,Tobillo_Der,-72.85873485502297,79.59320220895017,202.51496692995934,-8.106763591600336,-3.9935261600722427,-7.3612756904836125,-50.130972124648025,-7.82470886672308,-20.486255869644364,100
2025-05-21 08:38:32.373,7,Codo_Izq,-71.20929135652958,-9.191774672624577,208.30080175424646,0.20296161005294866,0.676905646589177,3.757755890613971,-21.4466794399167,0.48802754939877113,9.123799577029004,0
2025-05-21 08:38:32.374,8,Codo_Der,-90.80875906608635,-6.867732604381477,216.29988567075284,-40.764185258483025,3.3014227719145635,7.382245679825309,-124.27945767645045,3.3328982245000924,10.545513059657274,100
2025-05-21 08:38:32.375,13,Rodilla_Izq,-73.44251901922989,49.34010468379701,207.81558299174048,4.450202327997352,-0.7037826908445733,2.876770739537828,-18.186993790893027,-0.27831123911074696,4.861016058072387,0
2025-05-21 08:38:32.376,14,Rodilla_Der,-79.3567296132402,51.776032770571234,215.29187938517273,-17.104696022774654,2.0895696383096487,10.597227456936837,-45.860265008941916,2.399964097891396,9.630750098716575,0
2025-05-21 08:38:32.377,15,Tobillo_Izq,-71.53243419910811,83.59847488193894,210.07892446485312,-51.47229318759473,3.5088986621698344,3.3672353521548457,-137.7176023935721,4.797514263092921,3.956960983694172,100
2025-05-21 08:38:32.534,7,Codo_Izq,-69.22248584639686,-7.998452929818706,209.2501742307485,1.0449658592639282,2.12931581141304,3.9952459367839928,-16.896853783866312,2.688759753909712,9.592707987527781,0
2025-05-21 08:38:32.534,8,Codo_Der,-90.22404253247404,-3.814351052003178,215.3115646808585,-29.573294676530928,6.359494833321135,2.9343150474668063,-106.56126557709237,8.377276808769581,5.8553026516194,100
2025-05-21 08:38:32.536,13,Rodilla_Izq,-68.1463095449616,52.11480354938427,210.49284725881338,8.222853790878698,3.766921280689625,5.755555466031012,-8.359084220567398,5.620837540062477,9.255514539533142,0
2025-05-21 08:38:32.537,14,Rodilla_Der,-83.31425474973703,55.58307619964934,220.4810040704346,-18.048997223689586,6.839328005750036,13.495383688348873,-47.1386951190329,9.42172180461904,16.500384796938096,0
2025-05-21 08:38:32.538,15,Tobillo_Izq,-68.08347471504855,86.7833285929474,215.61220079518563,-31.60190639995857,6.774460808994626,10.096930820422878,-110.55263137545833,9.962170886966828,13.925603945553979,100
2025-05-21 08:38:32.685,7,Codo_Izq,-65.16451627118592,-6.788745485967468,210.2048060587985,5.000174915897087,3.0432730628213127,4.168775434998739,-8.589113309947217,4.430679907551221,10.086386937617716,0
2025-05-21 08:38:32.686,8,Codo_Der,-94.62926394045412,-2.9396311702008444,226.50523973333836,-30.080055377716647,5.07091761182363,18.450979651222447,-103.99902019303312,8.013967305701941,27.495247814448344,100
2025-05-21 08:38:32.687,13,Rodilla_Izq,-64.8568176228922,53.96142469283605,213.1883263837154,8.04534998061173,5.0265150281877675,7.552980788453571,-4.005384443413112,8.086794355368864,12.75209919911513,0
2025-05-21 08:38:32.688,14,Rodilla_Der,-84.20458212772726,57.24287466658642,222.4029427950772,-14.109301373054471,6.55311887094795,10.74400209053561,-42.33385854095082,10.480315091180028,15.890485946111198,0
2025-05-21 08:38:32.827,7,Codo_Izq,-59.969627439507065,-7.172351880592734,211.43490106062868,9.414859454847326,1.2941244619712795,4.715047191549774,0.7247206849999586,2.672462098561854,11.173191349866375,0
2025-05-21 08:38:32.828,8,Codo_Der,-96.62768439500988,-2.9674508211232933,231.4573372373409,-26.47860339276514,3.116969934908936,18.68358481247223,-97.18505474286567,6.319832930432245,31.651327759702763,100
2025-05-21 08:38:32.829,13,Rodilla_Izq,-61.70601147517511,52.909668306626315,214.77359779915525,8.261928055092717,1.5828767435674784,7.12114468019325,0.16184491483946495,4.3144856898209465,13.524080204810058,0
2025-05-21 08:38:32.830,14,Rodilla_Der,-83.71273920561057,55.90498064236316,222.49612478139895,-9.753488234373467,2.107654927605503,6.735100576769504,-36.35348620141389,5.6314736046422,12.628587139580649,0
2025-05-21 08:38:32.831,15,Tobillo_Izq,-66.08759916498524,88.02933643145272,220.1692233429624,-21.900062251838833,6.000369301629463,12.850063875448088,-95.13851289367794,10.32364362918536,19.940902653635742,100
2025-05-21 08:38:32.832,16,Tobillo_Der,-77.37376990748149,84.19227772789604,212.935987715812,-14.948387536743288,4.287911480639516,10.30359728974435,-56.04579342577908,3.06852202383914,3.7553475449226212,100
2025-05-21 08:38:32.974,7,Codo_Izq,-54.169517709168325,-7.384775789983044,213.5899608046332,13.241026120749108,0.5385383859688188,6.449248657254178,9.79160052679401,1.7886795850103128,13.936798190690372,0
2025-05-21 08:38:32.975,8,Codo_Der,-96.41533885527159,-3.6336025175093627,231.50454931817174,-20.85544160381456,1.057648678194827,11.81626930775824,-86.66719126511313,3.878582651680527,25.44485539748182,100
2025-05-21 08:38:32.976,13,Rodilla_Izq,-58.526580660357425,53.012761512968076,216.46335218880537,8.732890211052462,1.2897031340215401,7.119364667537136,4.20551960343255,3.955826856262121,14.557560229701897,0
2025-05-21 08:38:32.977,14,Rodilla_Der,-81.99027842204376,54.92867614918309,221.0195187807721,-5.27966547272633,0.048739702314026134,2.13934810235967,-29.086894074681616,2.869500866425553,7.295128631259296,0
2025-05-21 08:38:32.978,15,Tobillo_Izq,-63.945676315363315,88.51542046826177,222.4743486865191,-15.631933043800117,4.5124219893957624,11.351380157172173,-82.16137729348846,9.299531118894159,20.372860565335078,100
2025-05-21 08:38:32.979,16,Tobillo_Der,-80.08346347817246,87.22957954511438,219.7260852183127,-16.087784430679765,6.885920612658514,15.470608140387109,-55.885542416997914,8.019532564059885,14.674193788579148,100
2025-05-21 08:38:33.125,7,Codo_Izq,-48.63345172983118,-7.283390447012601,217.18070399247924,15.417308889688139,0.565555862548667,9.657798886107594,16.845698823516372,1.7879321612833257,18.999441482314232,0
2025-05-21 08:38:33.126,8,Codo_Der,-94.29001066158403,-4.287302809146916,228.88597448816887,-14.411196658075552,-0.12993547010134862,3.955026361818515,-73.77063724697705,2.112751076310887,15.781591516782541,100
2025-05-21 08:38:33.127,13,Rodilla_Izq,-55.85635680846954,52.44725087866421,217.82466450143338,8.50360947116246,0.11835686536145139,6.701789178635252,6.890039539923823,2.2966424696826344,14.804546679813843,0
2025-05-21 08:38:33.128,14,Rodilla_Der,-79.34041172622553,52.96864969575484,218.9687618331774,-1.1281221435261344,-2.6490886601161887,-1.4001192810210012,-21.301966274049327,-1.2506924482575057,2.2335427842622746,0
2025-05-21 08:38:33.129,15,Tobillo_Izq,-62.528195646057206,88.6956231693497,223.67822963545996,-12.608889896923952,3.2376178169047547,8.993772301564167,-72.49302047168656,8.05412462678805,18.849376971069844,100
2025-05-21 08:38:33.130,16,Tobillo_Der,-80.94323912140933,88.34882853015273,222.90112709548038,-13.85602119306186,5.649567046898377,13.388103890510594,-51.291752011058065,7.993892051064396,16.070140198719145,100
2025-05-21 08:38:33.275,7,Codo_Izq,-44.71294755749176,-6.927845702789091,221.20232251204195,14.675460581333054,0.9577033414746572,12.276123586277343,19.75907032272331,2.303545098864915,23.85182312124491,0
2025-05-21 08:38:33.276,8,Codo_Der,-91.92215089995784,-4.8881440338725035,226.06176285486325,-9.83731107463081,-0.7720309368506921,-0.9396424952896589,-62.73124357259856,0.8673504504475795,8.380697941227837,100
2025-05-21 08:38:33.277,13,Rodilla_Izq,-53.7134061919382,52.33985144968111,218.9254733217568,7.853364455430043,0.09877507577318533,6.139182207024184,8.5126546604046,1.985607581427014,14.65495815292901,0
2025-05-21 08:38:33.278,14,Rodilla_Der,-77.0258612044547,52.15588461677736,216.43703716128886,1.0374401457859173,-2.584154259459605,-4.248227863352637,-15.693348155596265,-2.075876382345456,-2.5977193203764886,0
2025-05-21 08:38:33.279,15,Tobillo_Izq,-61.66535609377592,88.76132620227823,224.76798753304578,-11.122152871712135,2.3511357393469496,7.5716957602002,-65.15496281990175,7.004208736639497,17.877118068858646,100
2025-05-21 08:38:33.280,16,Tobillo_Der,-81.17733976592929,89.5154179966185,223.36333435148856,-11.458769063363599,5.136531991881554,8.470296340004404,-46.262381310374,8.46660984882336,12.483233726580139,100
2025-05-21 08:38:33.423,7,Codo_Izq,-41.78366192289275,-6.549121437387016,224.0373186077015,13.124868076048887,1.2249705325298952,12.192609309014895,20.866236604128744,2.7389770895623458,25.404242009040328,0
2025-05-21 08:38:33.424,8,Codo_Der,-88.78868951745056,-5.376328859338437,222.1685067375184,-5.515154273671592,-1.0223725112274298,-5.526893925810648,-51.86602605180313,0.07853141246438655,0.4659358090372141,99
2025-05-21 08:38:33.425,13,Rodilla_Izq,-52.30916858723133,53.1749817026117,220.16916243539174,6.599844216312289,1.4669301007672326,6.075835114864054,8.815506459874323,3.6297174383276123,15.011371818975386,0
2025-05-21 08:38:33.426,14,Rodilla_Der,-75.31249108903792,52.150558778417455,214.4319762487979,1.682892657236684,-1.4267830869943428,-5.253328799136201,-12.128194053443256,-1.2517244412983666,-5.370643690242311,0
2025-05-21 08:38:33.427,15,Tobillo_Izq,-60.85760288901501,88.69466625527053,225.14014222968513,-9.816368666371071,1.6389544548547237,5.74416990895766,-58.636664935181,5.993011014693554,15.932486982475218,100
2025-05-21 08:38:33.428,16,Tobillo_Der,-80.1723310670815,89.62439348719772,221.6650746262622,-8.017554508955044,3.359420445422544,2.6020334372268983,-39.6175009401444,6.924638290453602,6.087493162224553,39
2025-05-21 08:38:33.568,7,Codo_Izq,-40.871959938797346,-6.746052637725191,226.96601308234008,9.490198076422843,0.5326957043779743,12.443960944800061,18.345134732735232,1.9046160292124834,27.224440561411917,0
2025-05-21 08:38:33.569,8,Codo_Der,-86.3604872791712,-5.7907919471868405,218.63915956048228,-3.501996492039518,-1.1053932871717835,-7.896844955555372,-44.065576490944125,-0.47071468093996527,-5.1620176200856855,35
2025-05-21 08:38:33.570,13,Rodilla_Izq,-51.54772757743821,53.03127304309834,220.93991806259766,5.080225427799235,0.8056317824920033,5.375091735280936,8.209476396334594,2.812911882595743,14.446378639317047,0
2025-05-21 08:38:33.571,14,Rodilla_Der,-74.7425921252992,52.32950607237179,214.3943248901205,0.6182294502300726,-0.5287905202452923,-3.052920614259129,-11.192890914611178,-0.4263692295285093,-3.7517817170712067,0
2025-05-21 08:38:33.572,15,Tobillo_Izq,-60.18751545118706,88.24315097723583,224.72816750541134,-8.787274821194696,0.6329896645980606,3.5289537728230966,-53.02399142897522,4.438908830046888,13.009393329831282,100
2025-05-21 08:38:33.573,16,Tobillo_Der,-78.96812508418341,88.8782259714874,218.71056763962187,-5.474721149148911,1.0993156994940407,-2.6415902656725647,-33.83264344297478,4.213079368881445,-0.9509828567881495,0
2025-05-21 08:38:33.713,7,Codo_Izq,-41.25917342196888,-6.722401694855032,228.58593482201817,5.58268322924333,0.4558795516599376,10.775392502977775,14.32059823619107,1.753949581274727,26.286112035216885,0
2025-05-21 08:38:33.714,8,Codo_Der,-84.81709246012903,-6.16317795122204,215.89368303084055,-3.143113408737868,-1.1331629993837127,-8.3761056219274,-38.88034417984569,-0.902334573291907,-8.383285941785989,2
2025-05-21 08:38:33.715,13,Rodilla_Izq,-51.38310384779229,52.83527980383619,221.73618605395333,3.4078792614963334,0.336765055254168,5.027941358655275,6.85993742752746,2.1064707787572234,14.18341466155175,0
2025-05-21 08:38:33.716,14,Rodilla_Der,-74.43878872606894,52.30886896428436,213.7997597291745,-0.1997776493844195,-0.3234653411480446,-2.6891455306800953,-10.50783667265245,-0.30233558877596706,-3.9926998953033106,0
2025-05-21 08:38:33.717,15,Tobillo_Izq,-59.83687477476838,88.08457210255443,224.7338508843244,-8.253637182629605,0.4478148698137848,2.8276392521799467,-48.542477394097375,3.826770344438292,11.690606189346294,100
2025-05-21 08:38:33.864,7,Codo_Izq,-42.98624342848468,-6.332926042451141,228.94355148954278,1.3251617602208339,0.9550701526958888,7.968724079333863,8.646740036658723,2.3770563301019836,23.02251233359632,0
2025-05-21 08:38:33.865,8,Codo_Der,-84.929530742753,-5.98679170793117,213.26840032935183,-5.107015080863093,-0.35209738902892607,-8.64224698871,-37.20439287424488,-0.15954354285075922,-11.000674373632926,1
2025-05-21 08:38:33.866,13,Rodilla_Izq,-52.75252990239598,53.663600654729805,222.41016753750418,0.1696270781039282,1.5876032279073529,4.64846425923209,2.7874169843118857,3.6687814292861267,13.666831435728712,0
2025-05-21 08:38:33.867,14,Rodilla_Der,-75.39558931617478,53.314355822016275,214.02111427537398,-2.460978753048874,1.3268195926061803,-1.2953882475055514,-12.18017294175881,1.8917915102524672,-2.5949592157778234,0
2025-05-21 08:38:33.868,15,Tobillo_Izq,-59.584188515817,88.37561289431372,223.83075469062987,-7.836396538255818,0.9876967582712652,1.0227926944419832,-44.27715083072733,4.198946551452775,8.653466140995578,96
2025-05-21 08:38:34.034,7,Codo_Izq,-46.168296757135636,-6.844409731119056,228.693755436506,-3.3001693773216,-0.10234935213569873,5.435500393882114,1.4134954643778759,0.9272201669411324,19.06052849028911,0
2025-05-21 08:38:34.035,8,Codo_Der,-87.19303373647408,-5.792653335654855,210.5584668760113,-9.276473580085472,0.11582841522200625,-8.970217202236363,-38.96638499851088,0.3652016706560065,-13.221180605551217,4
2025-05-21 08:38:34.036,13,Rodilla_Izq,-54.55828082838363,53.516698006515895,221.40139367969468,-2.3397368532338283,0.8489582019880304,1.9095109416618405,-1.0522457565666712,2.7075864275694537,9.58100773854872,0
2025-05-21 08:38:34.037,14,Rodilla_Der,-77.54784095215868,53.30750782533414,213.66713552873972,-5.4899720062110315,0.7676349119999629,-1.358998026541263,-15.373031229556878,1.3605740209091621,-2.792935221072552,0
2025-05-21 08:38:34.038,15,Tobillo_Izq,-60.09515149649706,88.4219955490816,224.22939289973766,-8.57863305068949,0.9198603059581751,1.8935628885902538,-41.29261513873684,3.826653899914925,8.858827622429752,71
2025-05-21 08:38:34.185,7,Codo_Izq,-50.146992661644134,-7.369397993509946,228.12417947520242,-7.325462479429156,-0.741985059717871,3.4442992398799306,-5.674082480334235,-0.12744232925446464,15.794294026517669,0
2025-05-21 08:38:34.187,8,Codo_Der,-90.55345156818896,-5.8408187977083985,209.51371025018807,-12.85348771643963,0.016510556473101443,-6.993554979357629,-42.02765491956851,0.22349620309202606,-12.2790541075525,26
2025-05-21 08:38:34.188,13,Rodilla_Izq,-56.534960962238934,52.82219684332578,219.8806996278876,-4.129105289642228,-0.380854562800382,-0.48463186264189473,-4.317789148593885,0.9758253035986142,5.688714585642052,0
2025-05-21 08:38:34.188,14,Rodilla_Der,-80.00217945095902,52.81358889983783,212.4612142252246,-7.6104527637061254,-0.24311253423697984,-2.6779833743958723,-18.30744458948536,0.09179823858309755,-4.7561847530669485,0
2025-05-21 08:38:34.189,15,Tobillo_Izq,-60.53433198739331,88.52493365757124,224.72163402537146,-8.411604042742981,0.9309571118135501,2.4180296404167647,-38.59109405743679,3.6641575017741617,9.069864464825713,25
2025-05-21 08:38:34.354,7,Codo_Izq,-54.51002769536307,-7.475899607508819,226.8808741295305,-10.269107741299694,-0.5036013684339891,1.2662978506873315,-11.776683911388982,-0.08523987796147575,11.672936743743442,0
2025-05-21 08:38:34.356,8,Codo_Der,-94.4138636397488,-5.338710942273051,209.34957630369354,-15.568241884416386,0.767124290937156,-4.592761933767337,-44.19488136517971,1.2192062838775752,-9.876900310649324,52
2025-05-21 08:38:34.356,13,Rodilla_Izq,-58.9707180171169,53.23622115157039,218.65350978500211,-5.862902938419589,0.5318042802359859,-1.4673980070376067,-7.6781378920644965,1.908178453873977,3.2266399251151023,0
2025-05-21 08:38:34.357,14,Rodilla_Der,-82.81404207065277,53.71270754660589,212.2926922582344,-9.34981546663195,1.220624653958446,-1.9192507682861992,-20.836032462210568,1.9763804846341892,-4.046882539896153,0
2025-05-21 08:38:34.505,7,Codo_Izq,-57.37523237097807,-8.044757656470518,225.44696223605175,-10.157971513622892,-1.0816650569184914,-0.4535040010142381,-14.123724860028114,-1.0671718682275309,8.158574377096308,0
2025-05-21 08:38:34.506,8,Codo_Der,-98.41757653113214,-4.70076900858105,210.16369892054135,-17.251570166384774,1.4100308474709977,-1.8847792683787528,-46.47070416541774,2.233460009457624,-6.635416914880083,80
2025-05-21 08:38:34.507,13,Rodilla_Izq,-61.15037440389924,52.44166065997371,217.3300954448721,-6.681198869043161,-0.7393233044299587,-2.3523413888733256,-10.082493453746697,0.11661246650616786,0.953265487320099,0
2025-05-21 08:38:34.508,14,Rodilla_Der,-85.21143231632091,53.5354678422053,212.95640193833495,-9.841311000578822,0.5003773894655257,-0.30658836216665936,-22.31926514363125,1.2079110781325224,-2.0480351240944037,0
2025-05-21 08:38:34.509,15,Tobillo_Izq,-62.59423553392206,89.6370444362782,227.70285517691408,-10.486300710421744,2.412021931672047,6.361884248125763,-39.28706104929614,5.546044834011363,14.155888230806902,66
2025-05-21 08:38:34.653,7,Codo_Izq,-59.55543642944199,-8.955666876924521,225.4226486808444,-9.347852637093927,-1.9549598625138274,0.45559394438562634,-15.192188612149824,-2.5532576373196934,8.066347184929176,0
2025-05-21 08:38:34.654,8,Codo_Der,-101.69472574450751,-4.187038823464237,212.1513075056227,-17.208797493169673,1.6316162088234605,1.4317135188339383,-46.941909572446306,2.799686507416273,-1.943314146826241,81
2025-05-21 08:38:34.655,13,Rodilla_Izq,-62.66563915370274,51.29319127304409,216.06436830796298,-6.336890449701654,-2.0354183813078537,-2.915058970786316,-10.93120582468709,-1.9733634408656595,-0.9136654032533356,0
2025-05-21 08:38:34.656,14,Rodilla_Der,-86.31192267847808,53.035409968949686,212.67355209338587,-8.321661408690378,-0.3877295019709636,-0.7424135693053863,-21.13520303007499,0.029745588837464698,-2.4808060169108455,0
2025-05-21 08:38:34.657,15,Tobillo_Izq,-62.62554278656325,87.25577465657173,224.0117444605636,-8.520106566589579,-1.8791833254035255,-1.1644930778565157,-35.347842147311276,-0.1389765822311393,4.436453047186209,1
