Time	ID	Ax_cm/s2	Ay_cm/s2	Az_cm/s2	Q0	Q1	Q2	Q3
20:52:17.007	14	-225.55295	879.656505	-289.296175	0.00122	0.20569	-0.79456	-0.5712
20:52:17.039	13	-245.16625	-881.617835	-322.638785	0.3822	-0.67288	-0.43832	0.45709
20:52:17.096	14	-276.54753	899.269805	-282.43152	0.00122	0.20569	-0.79456	-0.5712
20:52:17.128	13	-223.59162	-874.75318	-337.34876	0.3822	-0.67288	-0.43832	0.45709
20:52:17.217	14	-224.572285	880.63717	-305.96748	0.00125	0.20425	-0.79037	-0.57748
20:52:17.223	13	-240.262925	-863.965865	-333.4261	0.3822	-0.67288	-0.43832	0.45709
20:52:17.305	14	-211.82364	896.32781	-274.5862	0.00125	0.20425	-0.79037	-0.57748
20:52:17.337	13	-268.70221	-883.579165	-298.12216	0.38763	-0.66849	-0.43784	0.45938
20:52:17.397	14	-244.185585	906.13446	-217.70763	0.00125	0.20425	-0.79037	-0.57748
20:52:17.429	13	-214.765635	-885.540495	-291.257505	0.38763	-0.66849	-0.43784	0.45938
20:52:17.518	13	-244.185585	-886.52116	-291.257505	0.38763	-0.66849	-0.43784	0.45938
20:52:17.518	14	-248.108245	877.695175	-311.85147	0.00314	0.20221	-0.78494	-0.58557
20:52:17.607	14	-219.66896	892.40515	-266.74088	0.00314	0.20221	-0.78494	-0.58557
20:52:17.670	13	-241.24359	-884.55983	-302.04482	0.39377	-0.66406	-0.43637	0.46198
20:52:17.698	14	-240.262925	892.40515	-266.74088	0.00314	0.20221	-0.78494	-0.58557
20:52:17.761	13	-264.77955	-887.501825	-295.180165	0.39377	-0.66406	-0.43637	0.46198
20:52:17.815	14	-238.301595	894.36648	-264.77955	0.00208	0.2023	-0.78427	-0.58643
20:52:17.850	13	-236.340265	-878.67584	-319.69679	0.39377	-0.66406	-0.43637	0.46198
20:52:17.906	14	-237.32093	905.153795	-235.3596	0.00208	0.2023	-0.78427	-0.58643
20:52:17.969	13	-244.185585	-885.540495	-306.948145	0.39398	-0.66251	-0.43729	0.46317
20:52:17.999	14	-243.20492	882.5985	-305.96748	0.00208	0.2023	-0.78427	-0.58643
20:52:18.060	13	-239.28226	-881.617835	-293.218835	0.39398	-0.66251	-0.43729	0.46317
20:52:18.115	14	-219.66896	902.2118	-225.55295	0.0097	0.20984	-0.78452	-0.58337
20:52:18.149	13	-216.726965	-900.25047	-259.876225	0.39398	-0.66251	-0.43729	0.46317
20:52:18.235	14	-237.32093	898.28914	-277.528195	0.0097	0.20984	-0.78452	-0.58337
20:52:18.268	13	-254.9729	-886.52116	-304.986815	0.39352	-0.65457	-0.44226	0.47006
20:52:18.326	14	-203.97832	886.52116	-274.5862	0.0097	0.20984	-0.78452	-0.58337
20:52:18.359	13	-258.89556	-899.269805	-260.85689	0.39352	-0.65457	-0.44226	0.47006
20:52:18.447	14	-232.417605	893.385815	-275.566865	0.01459	0.21445	-0.78949	-0.5748
20:52:18.451	13	-247.12758	-878.67584	-325.58078	0.39352	-0.65457	-0.44226	0.47006
20:52:18.539	14	-246.146915	897.308475	-283.412185	0.01459	0.21445	-0.78949	-0.5748
20:52:18.571	13	-203.97832	-892.40515	-278.50886	0.38669	-0.65649	-0.44339	0.47202
20:52:18.629	14	-110.815145	857.10121	-365.788045	0.01459	0.21445	-0.78949	-0.5748
20:52:18.659	13	-373.633365	-926.728425	-262.81822	0.38669	-0.65649	-0.44339	0.47202
20:52:18.747	14	-180.44236	912.01845	-288.31551	0.0173	0.2247	-0.78412	-0.57816
20:52:18.747	13	-327.54211	-903.192465	38.245935	0.38669	-0.65649	-0.44339	0.47202
20:52:18.839	14	-146.119085	899.269805	-322.638785	0.0173	0.2247	-0.78412	-0.57816
20:52:18.871	13	-191.229675	-728.634095	-493.274495	0.40103	-0.67615	-0.42776	0.44595
20:52:18.925	14	-268.70221	972.81968	-81.395195	0.0173	0.2247	-0.78412	-0.57816
20:52:18.961	13	-154.94507	-880.63717	-449.14457	0.40103	-0.67615	-0.42776	0.44595
20:52:19.049	13	-126.505785	-884.55983	-333.4261	0.40103	-0.67615	-0.42776	0.44595
20:52:19.079	14	-143.17709	1293.497135	-55.897905	0.0173	0.2247	-0.78412	-0.57816
20:52:19.140	14	-273.605535	862.9852	-620.760945	-0.05032	0.2066	-0.82532	-0.52298
20:52:19.172	13	-146.119085	-955.16771	-102.969825	0.42587	-0.67099	-0.44022	0.41769
20:52:19.228	14	-268.70221	775.706015	-541.32708	-0.05032	0.2066	-0.82532	-0.52298
20:52:19.261	13	-99.047165	-899.269805	-370.69137	0.42587	-0.67099	-0.44022	0.41769
20:52:19.346	14	-242.224255	745.3054	-462.87388	-0.05032	0.2066	-0.82532	-0.52298
20:52:19.352	13	-121.60246	-909.076455	-345.19408	0.42587	-0.67099	-0.44022	0.41769
20:52:19.440	14	-229.47561	732.556755	-350.097405	0.0253	0.18863	-0.78882	-0.58435
20:52:19.469	13	-90.22118	-889.463155	-346.174745	0.42953	-0.65881	-0.46057	0.41135
20:52:19.525	14	-251.05024	691.368825	-288.31551	0.0253	0.18863	-0.78882	-0.58435
20:52:19.562	13	-86.29852	-902.2118	-316.754795	0.42953	-0.65881	-0.46057	0.41135
20:52:19.645	14	-253.992235	677.639515	-256.93423	0.03494	0.2045	-0.7728	-0.59967
20:52:19.649	13	-107.87315	-939.47707	-296.16083	0.42953	-0.65881	-0.46057	0.41135
20:52:19.740	14	-297.141495	655.08422	-293.218835	0.03494	0.2045	-0.7728	-0.59967
20:52:19.772	13	-112.776475	-892.40515	-314.793465	0.42615	-0.65115	-0.4729	0.41312
20:52:19.826	14	-259.876225	692.34949	-376.57536	0.03494	0.2045	-0.7728	-0.59967
20:52:19.857	13	-55.897905	-882.5985	-361.865385	0.42615	-0.65115	-0.4729	0.41312
20:52:19.948	14	-203.97832	878.67584	-507.98447	-0.02264	0.21863	-0.83182	-0.50955
20:52:19.981	13	-146.119085	-917.90244	-334.406765	0.42615	-0.65115	-0.4729	0.41312
20:52:20.040	14	-176.5197	974.78101	-511.90713	-0.02264	0.21863	-0.83182	-0.50955
20:52:20.074	13	-126.505785	-878.67584	-322.638785	0.42068	-0.65622	-0.46677	0.41763
20:52:20.128	14	-68.64655	960.071035	-382.45935	-0.02264	0.21863	-0.83182	-0.50955
20:52:20.159	13	-159.848395	-880.63717	-356.96206	0.42068	-0.65622	-0.46677	0.41763
20:52:20.252	13	-212.804305	-877.695175	-356.96206	0.42068	-0.65622	-0.46677	0.41763
20:52:20.280	14	-305.96748	1092.46081	-144.157755	-0.00217	0.17294	-0.81479	-0.55328
20:52:20.343	14	-168.67438	1019.8916	-104.931155	-0.00217	0.17294	-0.81479	-0.55328
20:52:20.369	13	-237.32093	-881.617835	-226.533615	0.40778	-0.69028	-0.42932	0.41571
20:52:20.425	14	-37.26527	873.772515	-322.638785	-0.00217	0.17294	-0.81479	-0.55328
20:52:20.460	13	-356.96206	-862.9852	-311.85147	0.40778	-0.69028	-0.42932	0.41571
20:52:20.545	14	-78.4532	943.39973	-355.981395	0.03638	0.15311	-0.81451	-0.55832
20:52:20.547	13	-293.218835	-1161.10736	-123.56379	0.40778	-0.69028	-0.42932	0.41571
20:52:20.640	14	-72.56921	917.90244	-335.38743	0.03638	0.15311	-0.81451	-0.55832
20:52:20.698	13	-318.716125	-984.58766	-512.887795	0.35635	-0.70996	-0.43329	0.4256
20:52:20.729	14	-59.820565	912.999115	-349.11674	0.03638	0.15311	-0.81451	-0.55832
20:52:20.758	13	-344.213415	-903.192465	-548.191735	0.35635	-0.70996	-0.43329	0.4256
20:52:20.846	14	-44.129925	883.579165	-360.88472	0.05609	0.14542	-0.8175	-0.55432
20:52:20.852	13	-320.677455	-827.68126	-510.926465	0.35635	-0.70996	-0.43329	0.4256
20:52:20.940	14	-81.395195	913.97978	-324.600115	0.05609	0.14542	-0.8175	-0.55432
20:52:20.979	13	-309.89014	-798.26131	-435.41526	0.40384	-0.7052	-0.38675	0.43579
20:52:21.027	14	11.76798	908.09579	-318.716125	0.05609	0.14542	-0.8175	-0.55432
20:52:21.060	13	-260.85689	-773.744685	-345.19408	0.40384	-0.7052	-0.38675	0.43579
20:52:21.152	13	-192.21034	-716.866115	-269.682875	0.40384	-0.7052	-0.38675	0.43579
20:52:21.152	14	-94.14384	890.44382	-345.19408	0.06961	0.15515	-0.81506	-0.55374
20:52:21.236	14	-22.555295	920.844435	-207.90098	0.06961	0.15515	-0.81506	-0.55374
20:52:21.268	13	-204.958985	-633.50959	-211.82364	0.46777	-0.66434	-0.34543	0.46945
20:52:21.328	14	-35.30394	900.25047	-355.981395	0.06961	0.15515	-0.81506	-0.55374
20:52:21.362	13	-225.55295	-736.479415	-206.920315	0.46777	-0.66434	-0.34543	0.46945
20:52:21.448	14	-27.45862	913.97978	-332.445435	0.07504	0.16089	-0.81412	-0.5528
20:52:21.450	13	-287.334845	-806.10663	-216.726965	0.46777	-0.66434	-0.34543	0.46945
20:52:21.538	14	-110.815145	913.97978	-305.96748	0.07504	0.16089	-0.81412	-0.5528
20:52:21.568	13	-364.80738	-707.059465	-249.08891	0.43909	-0.68665	-0.35489	0.45789
20:52:21.626	14	-43.14926	876.71451	-324.600115	0.07504	0.16089	-0.81412	-0.5528
20:52:21.660	13	-382.45935	-751.18939	-341.27142	0.43909	-0.68665	-0.35489	0.45789
20:52:21.747	14	-46.091255	901.231135	-345.19408	0.07019	0.16324	-0.81808	-0.54684
20:52:21.751	13	-262.81822	-824.739265	-449.14457	0.43909	-0.68665	-0.35489	0.45789
20:52:21.842	14	-87.279185	888.48249	-361.865385	0.07019	0.16324	-0.81808	-0.54684
20:52:21.898	13	-334.406765	-918.883105	-482.48718	0.37402	-0.72525	-0.40378	0.41345
20:52:21.926	14	-22.555295	889.463155	-363.826715	0.07019	0.16324	-0.81808	-0.54684
20:52:21.988	13	-245.16625	-930.651085	-405.014645	0.37402	-0.72525	-0.40378	0.41345
20:52:22.048	14	-70.60788	447.18324	-164.75172	0.07019	0.16324	-0.81808	-0.54684
20:52:22.080	13	-110.815145	-1074.80884	-326.561445	0.37402	-0.72525	-0.40378	0.41345
20:52:22.138	14	-134.351105	890.44382	-374.61403	0.05807	0.18018	-0.82162	-0.53757
20:52:22.200	13	-162.79039	-968.89702	-325.58078	0.3714	-0.69241	-0.44806	0.42633
20:52:22.230	14	-127.48645	862.9852	-365.788045	0.05807	0.18018	-0.82162	-0.53757
20:52:22.288	13	-187.307015	-899.269805	-282.43152	0.3714	-0.69241	-0.44806	0.42633
20:52:22.350	14	-218.688295	847.29456	-289.296175	0.05807	0.18018	-0.82162	-0.53757
20:52:22.378	13	-103.95049	-906.13446	-257.914895	0.3714	-0.69241	-0.44806	0.42633
20:52:22.466	14	-212.804305	1041.46623	-337.34876	0.00696	0.19077	-0.85419	-0.48352
20:52:22.498	13	-104.931155	-921.8251	-316.754795	0.43616	-0.66977	-0.43253	0.41708
20:52:22.556	14	-151.02241	893.385815	-594.28299	0.00696	0.19077	-0.85419	-0.48352
20:52:22.590	13	-40.207265	-908.09579	-274.5862	0.43616	-0.66977	-0.43253	0.41708
20:52:22.676	14	-181.423025	811.99062	-647.2389	0.00696	0.19077	-0.85419	-0.48352
20:52:22.680	13	-41.18793	-899.269805	-364.80738	0.43616	-0.66977	-0.43253	0.41708
20:52:22.767	14	-176.5197	809.048625	-571.727695	0.00687	0.19998	-0.85184	-0.48398
20:52:22.799	13	-121.60246	-944.380395	-278.50886	0.45401	-0.66684	-0.43655	0.39813
20:52:22.860	14	-209.86231	765.899365	-541.32708	0.00687	0.19998	-0.85184	-0.48398
20:52:22.892	13	-137.2931	-896.32781	-331.46477	0.45401	-0.66684	-0.43655	0.39813
20:52:22.977	14	-187.307015	781.590005	-472.68053	0.00687	0.19998	-0.85184	-0.48398
20:52:22.981	13	-80.41453	-928.689755	-295.180165	0.45401	-0.66684	-0.43655	0.39813
20:52:23.068	14	-203.97832	863.965865	-397.169325	0.04764	0.19055	-0.81232	-0.54904
20:52:23.098	13	-43.14926	-896.32781	-322.638785	0.46017	-0.67511	-0.43332	0.38025
20:52:23.159	14	-145.13842	651.16156	-328.522775	0.04764	0.19055	-0.81232	-0.54904
20:52:23.193	13	-19.6133	-917.90244	-342.252085	0.46017	-0.67511	-0.43332	0.38025
20:52:23.278	14	-259.876225	663.910205	-359.904055	0.04184	0.19824	-0.80786	-0.55338
20:52:23.278	13	-124.544455	-917.90244	-351.07807	0.46017	-0.67511	-0.43332	0.38025
20:52:23.371	14	-150.041745	744.324735	-320.677455	0.04184	0.19824	-0.80786	-0.55338
20:52:23.401	13	-60.80123	-877.695175	-367.749375	0.44803	-0.66876	-0.45096	0.38544
20:52:23.462	14	-219.66896	768.84136	-392.266	0.04184	0.19824	-0.80786	-0.55338
20:52:23.488	13	-70.60788	-924.767095	-318.716125	0.44803	-0.66876	-0.45096	0.38544
20:52:23.577	14	-261.837555	740.402075	-432.473265	-0.00119	0.18982	-0.85062	-0.4902
20:52:23.579	13	-59.820565	-885.540495	-367.749375	0.44803	-0.66876	-0.45096	0.38544
20:52:23.666	14	-134.351105	792.37732	-531.52043	-0.00119	0.18982	-0.85062	-0.4902
20:52:23.700	13	-78.4532	-919.86377	-286.35418	0.44421	-0.67072	-0.45099	0.38641
20:52:23.755	14	-61.781895	783.551335	-630.567595	-0.00119	0.18982	-0.85062	-0.4902
20:52:23.787	13	-103.95049	-881.617835	-387.362675	0.44421	-0.67072	-0.45099	0.38641
20:52:23.877	14	-281.450855	980.665	-625.66427	-0.00119	0.18982	-0.85062	-0.4902
20:52:23.879	13	-98.0665	-900.25047	-307.92881	0.44421	-0.67072	-0.45099	0.38641
20:52:23.966	14	4.903325	933.59308	-347.15541	-0.00806	0.16855	-0.86789	-0.4671
20:52:23.998	13	-114.737805	-916.921775	-291.257505	0.43979	-0.67636	-0.44101	0.39304
20:52:24.057	14	-149.06108	939.47707	-300.08349	-0.00806	0.16855	-0.86789	-0.4671
20:52:24.089	13	-175.539035	-915.94111	-302.04482	0.43979	-0.67636	-0.44101	0.39304
20:52:24.176	14	-93.163175	949.28372	-153.964405	0.0343	0.14883	-0.8092	-0.56723
20:52:24.178	13	-186.32635	-870.83052	-335.38743	0.43979	-0.67636	-0.44101	0.39304
20:52:24.301	14	-68.64655	911.037785	-299.102825	0.0343	0.14883	-0.8092	-0.56723
20:52:24.301	13	-186.32635	-872.79185	-320.677455	0.42197	-0.68558	-0.43246	0.40591
20:52:24.356	14	-99.047165	917.90244	-304.986815	0.0343	0.14883	-0.8092	-0.56723
20:52:24.388	13	-268.70221	-951.24505	-222.610955	0.42197	-0.68558	-0.43246	0.40591
20:52:24.479	14	-61.781895	923.78643	-260.85689	0.05484	0.14551	-0.80801	-0.56821
20:52:24.479	13	-131.40911	-1099.325465	-250.069575	0.42197	-0.68558	-0.43246	0.40591
20:52:24.566	14	-16.671305	926.728425	-275.566865	0.05484	0.14551	-0.80801	-0.56821
20:52:24.600	13	-174.55837	-1040.485565	-497.197155	0.36444	-0.707	-0.45685	0.39813
20:52:24.655	14	-137.2931	904.17313	-315.77413	0.05484	0.14551	-0.80801	-0.56821
20:52:24.687	13	-273.605535	-950.264385	-593.302325	0.36444	-0.707	-0.45685	0.39813
20:52:24.776	14	-47.07192	903.192465	-338.329425	0.07999	0.15417	-0.80728	-0.56393
20:52:24.778	13	-258.89556	-899.269805	-541.32708	0.36444	-0.707	-0.45685	0.39813
20:52:24.879	14	-70.60788	921.8251	-273.605535	0.07999	0.15417	-0.80728	-0.56393
20:52:24.901	13	-250.069575	-767.860695	-456.98989	0.41931	-0.70319	-0.39572	0.41589
20:52:24.956	14	-11.76798	922.805765	-240.262925	0.07999	0.15417	-0.80728	-0.56393
20:52:24.988	13	-140.235095	-689.407495	-341.27142	0.41931	-0.70319	-0.39572	0.41589
20:52:25.075	14	-48.052585	911.037785	-333.4261	0.07056	0.14175	-0.81277	-0.56055
20:52:25.079	13	-177.500365	-592.32166	-279.489525	0.41931	-0.70319	-0.39572	0.41589
20:52:25.169	14	-87.279185	897.308475	-314.793465	0.07056	0.14175	-0.81277	-0.56055
20:52:25.200	13	-224.572285	-634.490255	-246.146915	0.47726	-0.66086	-0.36276	0.45142
20:52:25.263	14	-15.69064	912.999115	-320.677455	0.07056	0.14175	-0.81277	-0.56055
20:52:25.291	13	-185.345685	-647.2389	-272.62487	0.47726	-0.66086	-0.36276	0.45142
20:52:25.379	14	6.864655	910.05712	-329.50344	0.073	0.14731	-0.81265	-0.55899
20:52:25.383	13	-294.1995	-696.27215	-402.07265	0.47726	-0.66086	-0.36276	0.45142
20:52:25.465	14	-56.87857	905.153795	-309.89014	0.073	0.14731	-0.81265	-0.55899
20:52:25.499	13	-313.8128	-831.60392	-518.771785	0.3996	-0.7225	-0.38516	0.41214
20:52:25.563	14	-26.477955	899.269805	-331.46477	0.073	0.14731	-0.81265	-0.55899
20:52:25.595	13	-197.113665	-906.13446	-583.495675	0.3996	-0.7225	-0.38516	0.41214
20:52:25.677	13	-177.500365	-1084.61549	-507.98447	0.3996	-0.7225	-0.38516	0.41214
20:52:25.677	14	-71.588545	921.8251	-275.566865	0.06369	0.15201	-0.81311	-0.55817
20:52:25.767	14	-126.505785	888.48249	-339.31009	0.06369	0.15201	-0.81311	-0.55817
20:52:25.799	13	-29.41995	-1084.61549	-304.00615	0.35925	-0.71585	-0.4487	0.39627
20:52:25.861	14	-203.97832	899.269805	-365.788045	0.06369	0.15201	-0.81311	-0.55817
20:52:25.889	13	-343.23275	-898.28914	-374.61403	0.35925	-0.71585	-0.4487	0.39627
20:52:25.979	13	-121.60246	-921.8251	-253.01157	0.35925	-0.71585	-0.4487	0.39627
20:52:25.979	14	-148.080415	902.2118	-271.644205	0.03391	0.16516	-0.82062	-0.54596
20:52:26.070	14	-253.992235	950.264385	-278.50886	0.03391	0.16516	-0.82062	-0.54596
20:52:26.134	13	-114.737805	-858.081875	-385.401345	0.41092	-0.68048	-0.45139	0.40527
20:52:26.158	14	-145.13842	1102.26746	-359.904055	0.03391	0.16516	-0.82062	-0.54596
20:52:26.189	13	-75.511205	-881.617835	-350.097405	0.41092	-0.68048	-0.45139	0.40527
20:52:26.278	14	-228.494945	970.85835	-592.32166	-0.03256	0.15997	-0.86862	-0.46768
20:52:26.312	13	-32.361945	-910.05712	-375.594695	0.42603	-0.67291	-0.46094	0.3913
20:52:26.368	14	-241.24359	832.584585	-659.987545	-0.03256	0.15997	-0.86862	-0.46768
20:52:26.428	13	-110.815145	-1001.258965	-287.334845	0.42603	-0.67291	-0.46094	0.3913
20:52:26.459	14	-261.837555	673.716855	-586.43767	-0.03256	0.15997	-0.86862	-0.46768
20:52:26.521	13	-121.60246	-884.55983	-348.136075	0.42603	-0.67291	-0.46094	0.3913
20:52:26.610	13	-91.201845	-924.767095	-272.62487	0.42529	-0.6601	-0.47723	0.39438
20:52:26.610	14	-224.572285	650.180895	-489.351835	-0.0018	0.18625	-0.84012	-0.50931
20:52:26.665	14	-214.765635	622.722275	-416.782625	-0.0018	0.18625	-0.84012	-0.50931
20:52:26.729	13	-114.737805	-883.579165	-372.6527	0.42529	-0.6601	-0.47723	0.39438
20:52:26.758	14	-242.224255	615.85762	-370.69137	0.00861	0.19772	-0.81723	-0.54117
20:52:26.820	13	-36.284605	-873.772515	-394.22733	0.42529	-0.6601	-0.47723	0.39438
20:52:26.905	14	-209.86231	823.7586	-363.826715	0.00861	0.19772	-0.81723	-0.54117
20:52:26.907	13	-249.08891	-876.71451	-387.362675	0.41678	-0.65222	-0.49017	0.40063
20:52:26.996	14	-203.97832	901.231135	-354.020065	0.00861	0.19772	-0.81723	-0.54117
20:52:27.030	13	-86.29852	-887.501825	-286.35418	0.41678	-0.65222	-0.49017	0.40063
20:52:27.085	14	-187.307015	878.67584	-349.11674	0.00861	0.18408	-0.82529	-0.53369
20:52:27.120	13	-121.60246	-872.79185	-428.550605	0.41678	-0.65222	-0.49017	0.40063
20:52:27.209	13	-53.936575	-881.617835	-358.92339	0.42572	-0.65799	-0.48129	0.39249
20:52:27.209	14	-227.51428	826.700595	-385.401345	0.00861	0.18408	-0.82529	-0.53369
20:52:27.298	14	-200.05566	869.849855	-366.76871	0.00861	0.18408	-0.82529	-0.53369
20:52:27.328	13	14.709975	-901.231135	-362.84605	0.42572	-0.65799	-0.48129	0.39249
20:52:27.386	14	-190.24901	863.965865	-383.440015	0.00861	0.18408	-0.82529	-0.53369
20:52:27.418	13	-92.18251	-895.347145	-385.401345	0.42572	-0.65799	-0.48129	0.39249
20:52:27.506	14	-205.93965	910.05712	-402.07265	-0.01703	0.16205	-0.83942	-0.51837
20:52:27.508	13	-124.544455	-880.63717	-387.362675	0.42493	-0.66055	-0.48117	0.38919
20:52:27.596	14	-286.35418	865.927195	-405.014645	-0.01703	0.16205	-0.83942	-0.51837
20:52:27.630	13	-69.627215	-903.192465	-329.50344	0.42493	-0.66055	-0.48117	0.38919
20:52:27.686	14	-286.35418	849.25589	-393.246665	-0.01703	0.16205	-0.83942	-0.51837
20:52:27.718	13	-80.41453	-884.55983	-365.788045	0.42493	-0.66055	-0.48117	0.38919
20:52:27.806	14	-181.423025	877.695175	-383.440015	-0.04846	0.11871	-0.8403	-0.52664
20:52:27.810	13	-153.964405	-886.52116	-369.710705	0.42493	-0.66055	-0.48117	0.38919
20:52:27.895	14	-265.760215	884.55983	-392.266	-0.04846	0.11871	-0.8403	-0.52664
20:52:27.929	13	-113.75714	-880.63717	-342.252085	0.44202	-0.68109	-0.45483	0.36572
20:52:27.987	14	-298.12216	862.004535	-365.788045	-0.04846	0.11871	-0.8403	-0.52664
20:52:28.019	13	-59.820565	-887.501825	-310.870805	0.44202	-0.68109	-0.45483	0.36572
20:52:28.106	14	-168.67438	803.164635	-315.77413	-0.10617	0.07932	-0.8291	-0.54306
20:52:28.108	13	-24.516625	-879.656505	-393.246665	0.44202	-0.68109	-0.45483	0.36572
20:52:28.197	14	-314.793465	825.71993	-338.329425	-0.10617	0.07932	-0.8291	-0.54306
20:52:28.227	13	-17.65197	-886.52116	-405.99531	0.42245	-0.66049	-0.48572	0.38635
20:52:28.314	14	-241.24359	861.02387	-283.412185	-0.10617	0.07932	-0.8291	-0.54306
20:52:28.318	13	-32.361945	-853.17855	-429.53127	0.42245	-0.66049	-0.48572	0.38635
20:52:28.407	14	-276.54753	837.48791	-310.870805	-0.17975	0.06598	-0.80893	-0.55576
20:52:28.411	13	-59.820565	-921.8251	-357.942725	0.42245	-0.66049	-0.48572	0.38635
20:52:28.496	14	-170.63571	788.45466	-291.257505	-0.17975	0.06598	-0.80893	-0.55576
20:52:28.528	13	-56.87857	-894.36648	-353.0394	0.45389	-0.68808	-0.44427	0.35074
20:52:28.587	14	-129.44778	875.733845	-285.373515	-0.17975	0.06598	-0.80893	-0.55576
20:52:28.619	13	-42.168595	-896.32781	-346.174745	0.45389	-0.68808	-0.44427	0.35074
20:52:28.705	14	-294.1995	901.231135	-390.30467	-0.14093	0.05472	-0.82565	-0.54346
20:52:28.709	13	-122.583125	-883.579165	-396.18866	0.45389	-0.68808	-0.44427	0.35074
20:52:28.797	14	-253.01157	932.612415	-353.0394	-0.14093	0.05472	-0.82565	-0.54346
20:52:28.829	13	-121.60246	-897.308475	-347.15541	0.45367	-0.68985	-0.44037	0.35248
20:52:28.886	14	-297.141495	872.79185	-432.473265	-0.14093	0.05472	-0.82565	-0.54346
20:52:28.918	13	-108.853815	-890.44382	-362.84605	0.45367	-0.68985	-0.44037	0.35248
